-9.0317,-1.2501,1.613,0.13967,0.026778,-0.0026821,-0.0026821,0.00026863,0.5,1,0.024691
-9.0317,-1.0501,3.3628,0.10295,3.1611,-0.012461,-0.012461,0.0021583,0.8,1,0.030864
-9.0317,-0.85007,5.5475,0.094247,0.3438,0.0032754,0.0032754,0.00039217,0.6,1,0.030864
-9.0317,-0.65007,0.70933,0.1435,1.6051,0.025221,0.025221,0.00039631,0.75,1,0.024691
-9.0317,0.54993,3.1142,0.1221,0.62353,0.0098469,0.0098469,0.014516,1,1,0.037037
-9.0317,0.74993,2.4228,0.12207,1.4878,0.011406,0.011406,0.012091,1,1,0.049383
-8.8317,-1.4501,3.2642,0.19725,0.014108,-0.0076006,-0.0076006,0.023399,0.55556,1,0.055556
-8.8317,-1.2501,2.243,0.20854,1.3458,-0.056764,-0.056764,0.02742,1,1,0.055556
-8.8317,-1.0501,3.057,0.1262,0.0057275,0.0042086,0.0042086,0.0030925,0.28571,1,0.04321
-8.8317,-0.85007,1.2489,0.41734,3.1505,0.4265,0.4265,0.13461,1,1,0.061728
-8.8317,-0.65007,0.95259,0.14314,0.95301,0.019379,0.019379,0.00052599,0.77778,1,0.055556
-8.8317,0.14993,5.0357,0.10415,2.8996,-0.037779,-0.037779,0.011535,1,1,0.092593
-8.8317,0.34993,4.2538,0.088758,3.5213,-0.12259,-0.12259,0.0075816,1,1,0.14198
-8.8317,0.54993,3.9708,0.22617,1.8839,-0.083451,-0.083451,0.07019,1,1,0.15432
-8.8317,0.74993,3.3106,0.53634,0.9536,-0.019201,-0.019201,0.078744,0.24009,1,0.26543
-8.8317,0.74993,5.3965,0.088623,4.8397,-0.032444,-0.032444,0.0031433,0.75991,1,0.26543
-8.8317,0.94993,1.5838,0.069428,0.85705,0.036949,0.036949,0.003206,0.85714,1,0.04321
-8.6317,-2.0501,4.3534,0.10626,2.2041,-0.085057,-0.085057,0.010611,1,1,0.024691
-8.6317,-1.8501,0.1248,0.1574,0.023943,-0.014014,-0.014014,0.008202,0.28571,1,0.04321
-8.6317,-1.6501,3.3995,0.56084,0.010835,0.022744,0.022744,0.05781,0.45455,1,0.067901
-8.6317,-1.4501,2.7122,0.39431,1.7782,0.052568,0.052568,0.058829,1,1,0.098765
-8.6317,-1.2501,2.9799,0.44683,0.061575,0.0035364,0.0035364,0.065275,0.625,1,0.049383
-8.6317,-1.0501,4.6698,0.4387,2.5726,-0.072607,-0.072607,0.12508,1,1,0.061728
-8.6317,-0.85007,4.0573,0.48392,1.641,-0.10776,-0.10776,0.1244,0.7413,1,0.11728
-8.6317,-0.85007,0.14458,0.14258,0.60188,0.014305,0.014305,0.00036848,0.2587,1,0.11728
-8.6317,-0.65007,3.7144,0.43035,0.21379,-0.0080385,-0.0080385,0.094997,0.6,1,0.18519
-8.6317,-0.65007,0.51116,0.14502,0.17635,0.0055767,0.0055767,0.0035273,0.4,1,0.18519
-8.6317,-0.45007,2.21,0.34715,2.7192,0.28342,0.28342,0.11591,1,1,0.11111
-8.6317,-0.05007,5.5649,0.30292,1.9754,-0.027844,-0.027844,0.065331,1,1,0.055556
-8.6317,0.14993,4.5815,0.19373,2.7479,-0.046602,-0.046602,0.055074,1,1,0.20988
-8.6317,0.34993,3.4365,0.19349,2.5527,-0.029249,-0.029249,0.066216,1,1,0.25309
-8.6317,0.54993,4.0911,0.19304,2.8978,-0.11183,-0.11183,0.049133,1,1,0.28395
-8.6317,0.74993,1.0505,0.22055,3.7615,0.18185,0.18185,0.068781,1,1,0.44444
-8.6317,0.94993,1.186,0.099353,3.2704,-0.039904,-0.039904,0.0091254,0.96667,1,0.18519
-8.4317,-2.0501,4.1808,0.41298,1.142,-0.0092224,-0.0092224,0.031646,1,1,0.037037
-8.4317,-1.8501,4.1203,0.35897,2.4939,-0.02371,-0.02371,0.053109,1,1,0.11111
-8.4317,-1.6501,5.2991,0.42751,4.2385,-0.43623,-0.43623,0.09608,1,1,0.092593
-8.4317,-1.4501,3.4886,0.65353,0.3854,-0.017053,-0.017053,0.10706,0.69572,1,0.14198
-8.4317,-1.4501,0.74422,0.37939,0.14133,-0.074322,-0.074322,0.058807,0.30428,1,0.14198
-8.4317,-1.2501,0.65642,0.45237,4.7141,-0.45636,-0.45636,0.085331,1,1,0.11728
-8.4317,-1.0501,6.0191,0.35172,1.6177,0.015512,0.015512,0.039146,0.88235,1,0.10494
-8.4317,-1.0501,3.6737,0.22806,0.0098337,-0.0071136,-0.0071136,0.0051459,0.11765,1,0.10494
-8.4317,-0.85007,0.38263,0.16487,0.20787,0.0011906,0.0011906,0.00058369,0.26726,1,0.22222
-8.4317,-0.85007,4.0807,0.41215,1.8182,0.0093512,0.0093512,0.088621,0.73274,1,0.22222
-8.4317,-0.65007,1.3916,0.31624,2.6622,0.30358,0.30358,0.099688,1,1,0.28395
-8.4317,-0.45007,0.5333,0.14536,0.11443,-0.0020704,-0.0020704,0.010698,0.64338,1,0.20988
-8.4317,-0.45007,3.7336,0.18836,0.020712,-0.010435,-0.010435,0.015865,0.11398,1,0.20988
-8.4317,-0.45007,3.2213,0.84161,1.1131,-0.00047819,-0.00047819,0.062448,0.24264,1,0.20988
-8.4317,-0.25007,0.68438,0.26195,0.022147,0.0045539,0.0045539,0.032827,0.35294,1,0.10494
-8.4317,-0.05007,6.0545,0.49452,0.39213,-0.043325,-0.043325,0.046707,0.45097,1,0.12346
-8.4317,-0.05007,3.5109,0.45586,0.096879,-0.01082,-0.01082,0.16826,0.54903,1,0.12346
-8.4317,0.14993,4.1452,0.35559,2.2504,-0.074983,-0.074983,0.11827,1,1,0.16667
-8.4317,0.34993,0.81318,0.41533,4.0874,0.46855,0.46855,0.11944,1,1,0.092593
-8.4317,0.54993,2.9835,0.8018,0.058946,0.017458,0.017458,0.10867,0.54445,1,0.1358
-8.4317,0.54993,0.070205,0.4525,0.70114,-0.12291,-0.12291,0.095221,0.45555,1,0.1358
-8.4317,0.74993,5.423,0.29504,3.8444,-0.33942,-0.33942,0.1255,1,1,0.37654
-8.4317,0.94993,5.3588,0.12764,4.3596,-0.11427,-0.11427,0.021515,1,1,0.22222
-8.4317,1.1499,5.3079,0.25948,4.0539,-0.19955,-0.19955,0.016877,1,1,0.037037
-8.4317,1.3499,3.7544,0.24787,1.5399,-0.022523,-0.022523,0.048099,1,1,0.15432
-8.4317,1.5499,4.62,0.28571,8.7389,0.71522,0.71522,0.075942,1,1,0.074074
-8.4317,2.1499,2.8888,0.30816,0.036361,0.013233,0.013233,0.0051709,0.375,1,0.049383
-8.4317,2.3499,2.8888,0.30816,0.036361,0.013233,0.013233,0.0051709,0.33333,1,0.055556
-8.2317,-1.8501,3.0698,0.48866,0.32804,0.079976,0.079976,0.080473,0.53927,1,0.16049
-8.2317,-1.8501,5.8797,0.33641,0.35701,0.0001546,0.0001546,0.027659,0.46073,1,0.16049
-8.2317,-1.6501,5.7743,0.34872,3.8386,-0.307,-0.307,0.047887,1,1,0.1358
-8.2317,-1.4501,3.6841,0.62672,0.4015,-0.037967,-0.037967,0.13357,0.64711,1,0.10494
-8.2317,-1.4501,0.49331,0.43711,0.13279,0.012852,0.012852,0.026335,0.35289,1,0.10494
-8.2317,-1.2501,1.0389,0.48217,4.2063,0.36727,0.36727,0.10896,1,1,0.2284
-8.2317,-1.0501,1.6569,0.35579,3.2841,0.13422,0.13422,0.11175,1,1,0.2716
-8.2317,-0.85007,2.9308,0.39256,0.22307,0.068226,0.068226,0.16611,0.52728,1,0.22222
-8.2317,-0.85007,0.28549,0.36243,0.21289,-0.011005,-0.011005,0.083927,0.47272,1,0.22222
-8.2317,-0.65007,0.21875,0.28203,0.074041,-0.0049495,-0.0049495,0.031294,0.61538,1,0.16049
-8.2317,-0.65007,3.1618,0.8083,0.069699,0.078977,0.078977,0.18285,0.38462,1,0.16049
-8.2317,-0.45007,0.44198,0.34275,0.11805,-0.0072891,-0.0072891,0.040417,0.75,1,0.098765
-8.2317,-0.45007,3.2316,0.89075,0.014152,-0.0058442,-0.0058442,0.0055328,0.1875,1,0.098765
-8.2317,-0.25007,0.61775,0.61409,5.3849,-0.90469,-0.90469,0.18232,1,1,0.080247
-8.2317,-0.05007,5.3725,0.77009,3.4684,-0.42874,-0.42874,0.095038,1,1,0.11728
-8.2317,0.14993,5.8136,0.036956,3.2861,-0.011677,-0.011677,0.00013372,0.50652,1,0.2284
-8.2317,0.14993,3.0122,0.61007,2.9735,0.22842,0.22842,0.10399,0.49348,1,0.2284
-8.2317,0.34993,2.0397,0.44391,3.1466,-0.39853,-0.39853,0.077448,1,1,0.055556
-8.2317,0.54993,0.02726,0.71191,0.3222,-0.076866,-0.076866,0.038686,0.53846,1,0.080247
-8.2317,0.54993,3.0974,1.1367,0.027802,-0.017972,-0.017972,0.040546,0.46154,1,0.080247
-8.2317,0.74993,4.0233,0.25693,8.7256,-0.87374,-0.87374,0.12439,0.96226,1,0.32716
-8.2317,0.74993,3.2965,1.0756,0.0021224,-0.0023924,-0.0023924,0.0026967,0.037736,1,0.32716
-8.2317,0.94993,5.31,0.035511,0.052578,0.00032668,0.00032668,0.00055195,0.1822,1,0.35802
-8.2317,0.94993,2.9266,0.23407,4.7592,0.42813,0.42813,0.072397,0.8178,1,0.35802
-8.2317,1.1499,5.1183,0.38575,2.6519,0.039071,0.039071,0.046698,1,1,0.12346
-8.2317,1.3499,2.8686,0.44006,0.59744,0.12167,0.12167,0.10068,0.57985,1,0.32099
-8.2317,1.3499,5.3698,0.21383,0.8232,0.068646,0.068646,0.014572,0.42015,1,0.32099
-8.2317,1.5499,2.8835,0.48715,0.88878,0.10422,0.10422,0.10031,0.7531,1,0.19753
-8.2317,1.5499,5.1514,0.16001,0.55839,0.030867,0.030867,0.0063253,0.2469,1,0.19753
-8.2317,1.7499,3.8528,0.54686,2.1223,-0.29763,-0.29763,0.097571,1,1,0.08642
-8.2317,1.9499,3.5232,0.49326,1.8673,-0.21981,-0.21981,0.081859,1,1,0.074074
-8.2317,2.1499,2.3086,0.58415,1.219,0.1492,0.1492,0.09166,0.84615,1,0.080247
-8.2317,2.1499,6.2653,0.23387,0.0096285,0.0072298,0.0072298,0.0054287,0.15385,1,0.080247
-8.2317,2.3499,2.9196,0.53512,0.011566,-0.028366,-0.028366,0.1002,0.55556,1,0.055556
-8.2317,2.3499,6.2653,0.23387,0.0096285,0.0072299,0.0072299,0.0054287,0.22222,1,0.055556
-8.0317,-2.0501,4.7,0.60095,2.4999,-0.083844,-0.083844,0.086779,1,1,0.080247
-8.0317,-1.8501,0.68518,0.51273,4.6291,0.4713,0.4713,0.081294,1,1,0.16667
-8.0317,-1.6501,3.5104,0.78534,0.04963,-0.019876,-0.019876,0.018543,0.41667,1,0.074074
-8.0317,-1.6501,0.38132,0.40986,0.0036635,-0.0037799,-0.0037799,0.013138,0.5,1,0.074074
-8.0317,-1.4501,0.38059,0.49327,0.20707,0.058261,0.058261,0.080395,0.69231,1,0.080247
-8.0317,-1.4501,3.4535,0.88031,0.041823,0.040358,0.040358,0.075281,0.30769,1,0.080247
-8.0317,-1.2501,6.2478,0.4775,0.53556,0.11427,0.11427,0.099746,0.55547,1,0.22222
-8.0317,-1.2501,3.3401,0.88804,0.076609,0.045528,0.045528,0.095745,0.44453,1,0.22222
-8.0317,-1.0501,0.27467,0.46665,3.4938,-0.35298,-0.35298,0.14707,1,1,0.18519
-8.0317,-0.85007,0.42626,0.39903,2.7424,-0.36928,-0.36928,0.16286,0.85981,1,0.21605
-8.0317,-0.85007,3.4159,0.98782,0.016309,0.0090439,0.0090439,0.0072053,0.14019,1,0.21605
-8.0317,-0.65007,0.24997,0.59957,0.057832,0.017757,0.017757,0.071108,0.55556,1,0.11111
-8.0317,-0.65007,3.3307,1.1261,0.035175,0.0057323,0.0057323,0.038136,0.44444,1,0.11111
-8.0317,-0.45007,0.20572,0.43689,0.026241,-0.0138,-0.0138,0.0072573,0.14286,1,0.08642
-8.0317,-0.25007,0.040465,0.90286,0.22002,0.00657,0.00657,0.0025873,0.66667,1,0.037037
-8.0317,-0.05007,5.2347,0.92836,2.0706,-0.35679,-0.35679,0.090808,0.81818,1,0.067901
-8.0317,-0.05007,3.3325,1.0796,0.0093103,0.021829,0.021829,0.051182,0.18182,1,0.067901
-8.0317,0.14993,3.21,0.92432,0.027885,0.0045583,0.0045583,0.13851,0.30995,1,0.22222
-8.0317,0.14993,5.4635,0.039511,3.4625,0.003551,0.003551,0.00075568,0.60672,1,0.22222
-8.0317,0.34993,0.56947,0.30139,5.4995,0.50409,0.50409,0.17818,1,1,0.20988
-8.0317,0.54993,0.084863,0.63693,0.098965,-0.048758,-0.048758,0.13166,0.54545,1,0.067901
-8.0317,0.54993,3.0862,1.1538,0.010411,-0.0051613,-0.0051613,0.017091,0.45455,1,0.067901
-8.0317,0.74993,6.1065,0.32879,1.9157,-0.085546,-0.085546,0.090981,0.63259,1,0.16049
-8.0317,0.74993,3.084,0.64204,0.012678,0.023913,0.023913,0.19637,0.36741,1,0.16049
-8.0317,0.94993,6.2552,0.32898,0.79199,-0.049468,-0.049468,0.098358,0.6253,1,0.20988
-8.0317,0.94993,3.145,0.2645,0.14131,0.019175,0.019175,0.026497,0.3747,1,0.20988
-8.0317,1.1499,0.41971,0.38699,4.1574,-0.40013,-0.40013,0.098209,1,1,0.17284
-8.0317,1.3499,0.2489,0.39975,1.5805,-0.079343,-0.079343,0.072071,0.67646,1,0.28395
-8.0317,1.3499,2.9781,0.91692,0.10867,0.02223,0.02223,0.061744,0.32354,1,0.28395
-8.0317,1.5499,2.5987,0.66424,0.3131,0.16079,0.16079,0.17474,0.56126,1,0.24691
-8.0317,1.5499,5.5724,0.36801,0.55498,0.049577,0.049577,0.034754,0.35036,1,0.24691
-8.0317,1.5499,2.9673,1.001,0.0027976,0.014941,0.014941,0.081774,0.088375,1,0.24691
-8.0317,1.7499,6.0259,0.38289,1.4131,-0.14236,-0.14236,0.052008,0.58166,1,0.17284
-8.0317,1.7499,2.6481,0.86153,0.056653,-0.0083439,-0.0083439,0.088812,0.41834,1,0.17284
-8.0317,1.9499,6.0498,0.45225,0.43655,-0.091373,-0.091373,0.057051,0.45352,1,0.1358
-8.0317,1.9499,2.6082,0.86227,0.09879,0.0023747,0.0023747,0.12356,0.54648,1,0.1358
-8.0317,2.1499,2.8042,0.94596,0.076483,-0.027561,-0.027561,0.098595,0.66667,1,0.074074
-8.0317,2.1499,5.8329,0.5732,0.030701,0.012971,0.012971,0.10585,0.33333,1,0.074074
-7.8317,-2.4501,2.0576,0.092271,4.2135,-0.088182,-0.088182,0.0028343,1,1,0.10494
-7.8317,-2.2501,5.6267,0.23538,3.3745,0.075209,0.075209,0.053997,1,1,0.11111
-7.8317,-2.0501,6.1737,0.47114,0.025345,-0.020128,-0.020128,0.061936,0.58333,1,0.074074
-7.8317,-1.8501,0.12364,0.34899,0.050716,0.013358,0.013358,0.012779,0.52941,1,0.10494
-7.8317,-1.6501,0.55958,0.57961,0.029684,0.011844,0.011844,0.017226,0.5,1,0.074074
-7.8317,-1.4501,3.4515,1.0383,0.080097,-0.0034569,-0.0034569,0.032628,0.44444,1,0.11111
-7.8317,-1.4501,0.35031,0.63035,0.15116,-0.0044456,-0.0044456,0.028121,0.55556,1,0.11111
-7.8317,-1.2501,0.16158,0.70345,0.21545,-0.0067929,-0.0067929,0.038994,0.54545,1,0.1358
-7.8317,-1.2501,3.3988,1.0493,0.055792,0.011515,0.011515,0.037832,0.45455,1,0.1358
-7.8317,-1.0501,0.29171,0.59269,0.25257,0.042819,0.042819,0.074544,0.65,1,0.12346
-7.8317,-1.0501,3.3934,1.1094,0.04368,-0.0047606,-0.0047606,0.019477,0.35,1,0.12346
-7.8317,-0.85007,3.3223,1.0893,0.043615,-0.013853,-0.013853,0.013397,0.33333,1,0.092593
-7.8317,-0.85007,0.14362,0.60756,0.12946,0.054894,0.054894,0.10334,0.66667,1,0.092593
-7.8317,-0.65007,0.32557,0.82517,0.037454,0.0063473,0.0063473,0.035038,0.75,1,0.049383
-7.8317,-0.45007,0.35583,0.77493,0.03836,-0.0037972,-0.0037972,0.036889,0.66667,1,0.074074
-7.8317,-0.45007,3.3994,1.093,0.0011122,0.0029004,0.0029004,0.014364,0.33333,1,0.074074
-7.8317,0.14993,3.2255,0.89221,0.02213,-0.0054423,-0.0054423,0.14895,0.55556,1,0.11111
-7.8317,0.14993,6.2227,0.61995,0.12805,0.10121,0.10121,0.12053,0.44444,1,0.11111
-7.8317,0.34993,6.1852,0.68405,0.038659,0.0025011,0.0025011,0.1312,0.5,1,0.074074
-7.8317,0.34993,3.1013,1.1136,0.015866,-0.0064994,-0.0064994,0.070678,0.5,1,0.074074
-7.8317,0.54993,6.2585,0.7707,0.054712,-0.052917,-0.052917,0.14413,0.58333,1,0.074074
-7.8317,0.54993,3.1048,1.2487,0.010242,0.0071509,0.0071509,0.035642,0.41667,1,0.074074
-7.8317,0.74993,3.2704,0.74997,0.14447,-0.060379,-0.060379,0.074231,0.46154,1,0.080247
-7.8317,0.74993,6.232,0.75193,0.042472,-0.023761,-0.023761,0.056544,0.53846,1,0.080247
-7.8317,0.94993,6.1457,0.77132,3.9363,0.35918,0.35918,0.082504,1,1,0.08642
-7.8317,1.1499,6.0215,0.37759,2.4807,-0.21671,-0.21671,0.12235,0.91189,1,0.20988
-7.8317,1.1499,2.6896,1.0629,0.0063375,0.012175,0.012175,0.023428,0.088105,1,0.20988
-7.8317,1.3499,0.14757,0.47943,1.3238,-0.038215,-0.038215,0.11504,0.79765,1,0.30247
-7.8317,1.3499,3.1115,1.1251,0.018832,-0.012102,-0.012102,0.039263,0.20235,1,0.30247
-7.8317,1.5499,5.6648,0.60371,0.47278,0.030377,0.030377,0.063177,0.47505,1,0.24691
-7.8317,1.5499,2.8716,1.0658,0.076784,0.030973,0.030973,0.10476,0.52495,1,0.24691
-7.8317,1.7499,2.6546,1.0669,0.075991,0.016208,0.016208,0.10567,0.45353,1,0.2037
-7.8317,1.7499,5.7564,0.54292,0.67001,-0.041019,-0.041019,0.059866,0.54647,1,0.2037
-7.8317,1.9499,6.2483,0.49837,0.56634,-0.14949,-0.14949,0.049575,0.53846,1,0.080247
-7.8317,1.9499,2.4546,1.1201,0.10634,0.054833,0.054833,0.049424,0.46154,1,0.080247
-7.8317,2.1499,2.7529,1.0313,0.0045138,0.0016743,0.0016743,0.00062101,0.5,1,0.024691
-7.6317,-3.0501,3.072,0.17007,5.1636,-0.36435,-0.36435,0.053261,1,1,0.2037
-7.6317,-2.8501,2.5976,0.1885,2.2353,0.11272,0.11272,0.044944,1,1,0.092593
-7.6317,-2.6501,2.9823,0.24945,1.6531,0.15567,0.15567,0.11609,1,1,0.12346
-7.6317,-2.4501,1.9833,0.18491,2.1128,0.035819,0.035819,0.022722,1,1,0.1358
-7.6317,-2.2501,1.1604,0.19626,5.0715,-0.35669,-0.35669,0.041167,1,1,0.11728
-7.6317,-2.0501,1.0721,0.82697,1.7078,0.2248,0.2248,0.029828,0.44444,1,0.055556
-7.6317,-1.8501,0.12157,0.34471,0.0033646,0.00093591,0.00093591,0.00026034,0.2,1,0.061728
-7.6317,-1.8501,3.228,0.85511,0.00109,-0.014844,-0.014844,0.20396,0.3,1,0.061728
-7.6317,-1.6501,0.43409,0.60756,0.22622,-0.02061,-0.02061,0.022931,0.53846,1,0.080247
-7.6317,-1.6501,3.4296,0.9964,0.039796,-0.018132,-0.018132,0.017398,0.46154,1,0.080247
-7.6317,-1.4501,1.1324,0.72555,2.1455,0.22818,0.22818,0.046463,1,1,0.074074
-7.6317,-1.2501,3.405,0.771,0.055944,0.061611,0.061611,0.11713,0.41176,1,0.10494
-7.6317,-1.2501,0.28645,0.69749,0.17809,0.022535,0.022535,0.03227,0.58824,1,0.10494
-7.6317,-1.0501,0.70426,0.80277,0.70564,0.15144,0.15144,0.069995,0.64314,1,0.08642
-7.6317,-1.0501,3.4703,1.0667,0.018808,0.022069,0.022069,0.041831,0.35686,1,0.08642
-7.6317,-0.85007,0.44462,0.79532,0.099715,0.0099224,0.0099224,0.025737,0.66667,1,0.092593
-7.6317,-0.85007,3.3053,1.2516,0.12566,-0.0026371,-0.0026371,0.028816,0.33333,1,0.092593
-7.6317,-0.65007,3.5442,1.1994,0.032995,0.015793,0.015793,0.025139,0.41667,1,0.074074
-7.6317,-0.65007,0.59347,0.90762,0.00011642,0.00059771,0.00059771,0.0030686,0.16667,1,0.074074
-7.6317,-0.45007,0.39199,0.83945,0.022838,0.017574,0.017574,0.047821,0.58333,1,0.074074
-7.6317,-0.45007,3.3761,1.1121,0.00011449,-0.00067656,-0.00067656,0.003998,0.16667,1,0.074074
-7.6317,-0.25007,0.46204,0.95558,0.0022273,-0.0084403,-0.0084403,0.032198,0.42857,1,0.04321
-7.6317,0.14993,3.2295,0.91815,0.0319,0.031342,0.031342,0.084555,0.64286,1,0.08642
-7.6317,0.14993,0.057628,0.73352,0.029576,0.021936,0.021936,0.047706,0.35714,1,0.08642
-7.6317,0.34993,6.2323,0.6073,0.018662,0.028161,0.028161,0.11685,0.54545,1,0.067901
-7.6317,0.34993,3.281,0.91775,0.048738,0.060584,0.060584,0.10422,0.45455,1,0.067901
-7.6317,0.54993,0.00364,0.93298,0.00020736,0.00047693,0.00047693,0.0010969,0.28571,1,0.04321
-7.6317,0.74993,6.1999,0.78365,0.11455,0.057023,0.057023,0.050106,0.61538,1,0.080247
-7.6317,0.74993,3.112,0.9514,0.004529,0.0064229,0.0064229,0.0091088,0.15385,1,0.080247
-7.6317,0.94993,4.7819,0.82126,1.9697,-0.13049,-0.13049,0.078253,1,1,0.11728
-7.6317,1.1499,1.505,0.68435,13.784,-1.4382,-1.4382,0.16754,0.875,1,0.14815
-7.6317,1.1499,5.7082,0.43127,0.012213,-0.0025714,-0.0025714,0.00054142,0.125,1,0.14815
-7.6317,1.3499,6.0799,0.58198,0.22769,-0.07478,-0.07478,0.093282,0.63415,1,0.25309
-7.6317,1.3499,3.0527,1.0323,0.28573,-0.14184,-0.14184,0.12697,0.36585,1,0.25309
-7.6317,1.5499,5.8528,0.6872,0.34371,0.042801,0.042801,0.064113,0.4872,1,0.24074
-7.6317,1.5499,2.8148,1.1213,0.083359,0.027173,0.027173,0.11668,0.5128,1,0.24074
-7.6317,1.7499,0.52647,0.91797,4.0943,0.66398,0.66398,0.18249,1,1,0.092593
-7.6317,1.9499,4.4286,0.97288,2.4232,-0.42292,-0.42292,0.10891,1,1,0.049383
-7.4317,-3.2501,3.0036,0.11426,5.3224,-0.18578,-0.18578,0.0090808,1,1,0.080247
-7.4317,-3.0501,3.4465,0.7856,0.60689,0.13328,0.13328,0.068069,0.12105,1,0.2716
-7.4317,-3.0501,5.0037,0.13387,3.519,0.060526,0.060526,0.011014,0.87895,1,0.2716
-7.4317,-2.8501,5.6272,0.30213,3.5793,-0.28931,-0.28931,0.091854,1,1,0.24074
-7.4317,-2.6501,3.5487,0.68322,1.5503,-0.016625,-0.016625,0.16584,0.59395,1,0.2716
-7.4317,-2.6501,0.2845,0.079521,3.8563,-0.013699,-0.013699,0.0014188,0.40605,1,0.2716
-7.4317,-2.4501,2.798,0.47592,1.5988,0.22298,0.22298,0.21019,1,1,0.16667
-7.4317,-2.2501,6.1608,0.43615,2.4117,0.029293,0.029293,0.10206,1,1,0.092593
-7.4317,-2.0501,1.1363,0.45505,0.027343,-0.041265,-0.041265,0.062295,0.15734,1,0.11728
-7.4317,-2.0501,4.34,0.56145,2.4565,0.070789,0.070789,0.1942,0.84266,1,0.11728
-7.4317,-1.8501,0.85038,0.54391,3.5351,0.52465,0.52465,0.13478,1,1,0.067901
-7.4317,-1.6501,4.4041,0.91096,3.7583,-0.28425,-0.28425,0.032632,1,1,0.049383
-7.4317,-1.4501,5.6723,0.88602,2.2604,-0.22013,-0.22013,0.045612,1,1,0.092593
-7.4317,-1.2501,3.3313,0.83744,0.066725,0.043622,0.043622,0.17339,0.6,1,0.12346
-7.4317,-1.2501,0.22339,0.7441,0.11111,-0.037348,-0.037348,0.052121,0.4,1,0.12346
-7.4317,-1.0501,0.26049,0.75814,0.039669,-0.0044196,-0.0044196,0.0004924,0.11111,1,0.11111
-7.4317,-1.0501,4.3638,0.94361,2.354,-0.19165,-0.19165,0.14079,0.88889,1,0.11111
-7.4317,-0.85007,3.5089,1.2913,0.08561,-0.015336,-0.015336,0.013107,0.41176,1,0.10494
-7.4317,-0.85007,0.27508,0.91568,0.21796,-0.030765,-0.030765,0.016778,0.58824,1,0.10494
-7.4317,-0.65007,0.23011,0.92088,0.0090617,-0.010505,-0.010505,0.014089,0.25,1,0.074074
-7.4317,-0.65007,3.5239,1.2367,0.028152,0.0049317,0.0049317,0.018379,0.5,1,0.074074
-7.4317,-0.25007,3.4714,1.2505,0.020134,0.0061008,0.0061008,0.0026293,0.4,1,0.061728
-7.4317,-0.05007,0.69158,1.02,4.9392,0.23489,0.23489,0.023449,1,1,0.049383
-7.4317,0.14993,3.2565,1.0135,0.036408,0.023445,0.023445,0.10696,0.625,1,0.098765
-7.4317,0.14993,0.074355,0.99877,0.0030983,-0.0070899,-0.0070899,0.016282,0.25,1,0.098765
-7.4317,0.34993,3.457,0.46979,2.2153,0.058722,0.058722,0.26116,1,1,0.1358
-7.4317,0.54993,0.25665,0.84753,0.1617,-0.13246,-0.13246,0.1562,0.72727,1,0.067901
-7.4317,0.74993,0.072951,0.91877,2.7121,0.2876,0.2876,0.073321,1,1,0.080247
-7.4317,0.94993,5.6037,0.77586,1.7938,0.12595,0.12595,0.073275,1,1,0.10494
-7.4317,1.1499,5.9444,0.61445,0.18446,0.016735,0.016735,0.12779,0.66667,1,0.14815
-7.4317,1.1499,2.6845,1.0883,0.17891,-0.039854,-0.039854,0.11244,0.33333,1,0.14815
-7.4317,1.3499,6.123,0.77042,0.11729,0.0057907,0.0057907,0.053318,0.44737,1,0.23457
-7.4317,1.3499,2.95,1.1302,0.079777,0.015996,0.015996,0.10694,0.55263,1,0.23457
-7.4317,1.5499,3.0565,1.3014,0.039018,-0.019043,-0.019043,0.020216,0.4109,1,0.20988
-7.4317,1.5499,6.0233,0.95034,0.003881,-0.011736,-0.011736,0.038219,0.11101,1,0.20988
-7.4317,1.5499,0.26865,0.74675,1.8814,-0.15166,-0.15166,0.10682,0.47809,1,0.20988
-7.4317,1.7499,5.9318,0.68081,0.035904,-0.032327,-0.032327,0.054444,0.57143,1,0.04321
-7.4317,1.9499,2.93,1.1708,0.00059609,-0.0017442,-0.0017442,0.0051037,0.33333,1,0.037037
-7.2317,-3.6501,2.5023,0.52266,0.037243,-0.032599,-0.032599,0.028534,0.5,1,0.024691
-7.2317,-3.0501,4.7884,0.42631,4.4908,-0.42102,-0.42102,0.057679,1,1,0.10494
-7.2317,-2.8501,6.0954,0.27519,4.3106,-0.40038,-0.40038,0.088491,1,1,0.24074
-7.2317,-2.6501,1.35,0.3496,3.3912,0.35819,0.35819,0.16227,1,1,0.30247
-7.2317,-2.4501,2.4343,0.54057,2.8401,0.31674,0.31674,0.20041,1,1,0.10494
-7.2317,-2.2501,0.28471,0.43258,4.4335,-0.47843,-0.47843,0.09625,1,1,0.11728
-7.2317,-2.0501,4.2123,0.654,1.9692,-0.37591,-0.37591,0.21744,0.8,1,0.092593
-7.2317,-2.0501,1.0264,0.34916,0.012572,0.0030551,0.0030551,0.00074241,0.2,1,0.092593
-7.2317,-1.8501,1.8314,0.8007,3.6287,0.717,0.717,0.20651,1,1,0.080247
-7.2317,-1.6501,1.3955,0.99726,2.3739,0.14979,0.14979,0.020192,1,1,0.061728
-7.2317,-1.4501,6.0678,0.96291,1.5831,-0.20827,-0.20827,0.057688,0.8002,1,0.092593
-7.2317,-1.4501,3.6691,1.1037,0.0018319,-0.0015895,-0.0015895,0.0014024,0.1998,1,0.092593
-7.2317,-1.2501,0.79102,0.81308,3.1346,-0.31882,-0.31882,0.085356,1,1,0.080247
-7.2317,-1.0501,4.7189,0.98713,5.0092,-0.58003,-0.58003,0.090789,1,1,0.080247
-7.2317,-0.85007,4.9498,1.1384,2.4526,-0.20604,-0.20604,0.024414,1,1,0.074074
-7.2317,-0.65007,0.36435,1.0486,0.035947,0.015288,0.015288,0.014616,0.61538,1,0.080247
-7.2317,-0.65007,3.508,1.2383,0.020202,0.014376,0.014376,0.019842,0.30769,1,0.080247
-7.2317,-0.45007,0.27042,1.0078,0.064252,0.023625,0.023625,0.019945,0.61538,1,0.080247
-7.2317,-0.45007,3.5206,1.2695,0.020818,0.0070306,0.0070306,0.012025,0.38462,1,0.080247
-7.2317,0.14993,2.6729,0.7883,2.4368,-0.1889,-0.1889,0.219,1,1,0.12963
-7.2317,0.34993,2.3895,0.38545,2.6032,-0.41142,-0.41142,0.18776,0.78288,1,0.16667
-7.2317,0.34993,3.3102,1.2731,0.054436,0.010641,0.010641,0.026221,0.21712,1,0.16667
-7.2317,0.54993,3.3297,1.3592,0.0032314,-0.0072126,-0.0072126,0.019252,0.17615,1,0.10494
-7.2317,0.54993,0.19218,0.66722,1.4601,-0.055757,-0.055757,0.2405,0.82385,1,0.10494
-7.2317,0.74993,0.91499,0.98082,2.4044,0.25046,0.25046,0.099644,1,1,0.1358
-7.2317,0.94993,6.1165,0.61675,0.074141,0.0030579,0.0030579,0.19307,0.6333,1,0.18519
-7.2317,0.94993,2.783,1.0531,0.34483,0.0027511,0.0027511,0.088836,0.3667,1,0.18519
-7.2317,1.1499,4.5828,0.70056,3.8068,-0.46382,-0.46382,0.18875,1,1,0.14815
-7.2317,1.3499,0.24481,0.81327,0.53643,-0.078965,-0.078965,0.056112,0.6,1,0.21605
-7.2317,1.3499,3.0077,1.2362,0.036447,-0.0027928,-0.0027928,0.027652,0.4,1,0.21605
-7.2317,1.5499,3.0786,1.3219,0.029725,-0.021236,-0.021236,0.027592,0.39281,1,0.2037
-7.2317,1.5499,6.2522,0.85999,0.00097313,0.0012592,0.0012592,0.0016293,0.060605,1,0.2037
-7.2317,1.5499,0.23586,0.82309,1.1309,-0.096747,-0.096747,0.1047,0.54658,1,0.2037
-7.2317,1.7499,3.3602,1.0471,0.27646,-0.18884,-0.18884,0.15278,0.57143,1,0.08642
-7.2317,1.9499,5.0944,0.59654,9.6788,1.4488,1.4488,0.22488,1,1,0.061728
-7.2317,2.1499,0.95686,0.062009,1.3011,-0.0025937,-0.0025937,0.0011039,1,1,0.061728
-7.0317,-3.2501,6.1275,0.31282,2.162,0.17622,0.17622,0.033759,1,1,0.08642
-7.0317,-3.0501,6.0662,0.40898,3.6813,0.48766,0.48766,0.12461,1,1,0.19136
-7.0317,-2.8501,0.53278,0.32446,4.2134,-0.41024,-0.41024,0.14419,1,1,0.19136
-7.0317,-2.6501,5.9563,0.28327,2.4325,-0.09543,-0.09543,0.070923,0.88572,1,0.21605
-7.0317,-2.6501,3.1872,1.3474,0.028017,0.0033584,0.0033584,0.001869,0.11428,1,0.21605
-7.0317,-2.4501,2.9652,0.35375,0.13732,-0.0051917,-0.0051917,0.00019628,0.11111,1,0.11111
-7.0317,-2.4501,6.1471,0.81723,0.0986,0.0080545,0.0080545,0.0032256,0.15115,1,0.11111
-7.0317,-2.4501,3.9569,0.65036,2.813,-0.25202,-0.25202,0.23557,0.73774,1,0.11111
-7.0317,-2.2501,1.0722,0.44915,4.4811,-0.65104,-0.65104,0.15622,1,1,0.11728
-7.0317,-2.0501,5.7228,0.66333,3.0652,-0.50063,-0.50063,0.15098,1,1,0.074074
-7.0317,-1.8501,2.7421,0.91476,1.912,0.38139,0.38139,0.12785,1,1,0.067901
-7.0317,-1.6501,4.1764,1.0833,1.0862,-0.18831,-0.18831,0.033036,0.85714,1,0.04321
-7.0317,-1.4501,4.9984,1.099,2.5154,-0.1661,-0.1661,0.036676,1,1,0.098765
-7.0317,-1.2501,3.2226,1.1259,2.2843,0.20483,0.20483,0.046494,0.67248,1,0.092593
-7.0317,-1.2501,0.44294,0.97858,0.001293,0.0019203,0.0019203,0.031509,0.32752,1,0.092593
-7.0317,-1.0501,2.2966,1.138,3.1377,0.24147,0.24147,0.036192,1,1,0.08642
-7.0317,-0.85007,3.5065,1.289,0.10111,0.00016643,0.00016643,0.0087359,0.5,1,0.08642
-7.0317,-0.85007,0.31504,1.0977,0.0065953,0.0049778,0.0049778,0.0038078,0.21429,1,0.08642
-7.0317,-0.65007,3.5647,1.3102,0.012604,0.0015869,0.0015869,0.013523,0.52941,1,0.10494
-7.0317,-0.65007,0.32859,1.033,0.029005,0.017362,0.017362,0.018443,0.47059,1,0.10494
-7.0317,-0.45007,2.3252,1.1351,3.5432,0.27348,0.27348,0.038206,1,1,0.080247
-7.0317,-0.25007,0.26661,1.27,0.010456,-0.0038981,-0.0038981,0.0014553,0.33333,1,0.055556
-7.0317,-0.05007,1.8796,1.2396,2.1903,0.14642,0.14642,0.025931,1,1,0.092593
-7.0317,0.14993,1.5755,1.0713,4.0904,0.32136,0.32136,0.043181,1,1,0.08642
-7.0317,0.34993,2.2813,1.1337,2.3185,0.085366,0.085366,0.058043,1,1,0.08642
-7.0317,0.54993,0.13521,0.5921,0.20038,-0.047041,-0.047041,0.014248,0.38455,1,0.080247
-7.0317,0.54993,2.2513,1.273,2.0008,0.11753,0.11753,0.02332,0.61545,1,0.080247
-7.0317,0.74993,2.703,1.335,0.31012,0.091373,0.091373,0.028099,0.31251,1,0.098765
-7.0317,0.74993,6.2357,0.82292,0.11742,0.038204,0.038204,0.07219,0.56249,1,0.098765
-7.0317,0.94993,2.8727,1.3961,0.015468,-0.0014383,-0.0014383,0.00028072,0.19982,1,0.092593
-7.0317,0.94993,6.1925,0.8942,1.9004,0.019725,0.019725,0.054811,0.80018,1,0.092593
-7.0317,1.1499,3.0066,1.2364,0.026528,-0.025073,-0.025073,0.058411,0.42105,1,0.11728
-7.0317,1.1499,6.2328,0.72193,0.33319,0.020335,0.020335,0.1394,0.57895,1,0.11728
-7.0317,1.3499,0.21028,0.72684,1.8761,0.052224,0.052224,0.11795,0.7125,1,0.20988
-7.0317,1.3499,3.0001,1.3549,0.029993,-0.020326,-0.020326,0.02145,0.2875,1,0.20988
-7.0317,1.5499,0.43763,0.68219,4.0928,0.65083,0.65083,0.25027,1,1,0.2284
-7.0317,1.7499,1.2211,0.6862,2.9169,0.26413,0.26413,0.19779,1,1,0.11728
-7.0317,1.9499,1.5583,0.43389,2.518,0.38785,0.38785,0.21813,1,1,0.11111
-7.0317,2.1499,0.5756,0.12567,2.9007,0.023438,0.023438,0.012588,1,1,0.15432
-7.0317,2.3499,1.6177,0.0569,0.10087,-0.0020036,-0.0020036,0.00047776,0.16575,1,0.12346
-7.0317,2.3499,5.0533,0.10846,2.3535,0.010478,0.010478,0.0054549,0.83425,1,0.12346
-7.0317,2.5499,2.5685,0.22131,0.0050733,0.0041944,0.0041944,0.0070353,0.57143,1,0.04321
-7.0317,2.7499,2.9465,0.17722,1.1944,-0.023817,-0.023817,0.013464,0.78839,1,0.08642
-7.0317,2.7499,6.0391,0.06299,0.24906,0.016521,0.016521,0.001164,0.21161,1,0.08642
-6.8317,-3.2501,0.81309,0.2916,3.2785,-0.37231,-0.37231,0.079149,1,1,0.14198
-6.8317,-3.0501,2.9534,0.37666,3.9619,0.0022214,0.0022214,0.13133,1,1,0.2284
-6.8317,-2.8501,5.4491,0.44903,4.1117,0.50166,0.50166,0.11845,1,1,0.16049
-6.8317,-2.6501,0.0025717,0.58031,1.0198,-0.10484,-0.10484,0.095408,0.84253,1,0.11728
-6.8317,-2.6501,3.1179,1.2965,0.051741,0.022813,0.022813,0.017474,0.15747,1,0.11728
-6.8317,-2.4501,2.2777,0.28388,1.8587,-0.10786,-0.10786,0.015533,0.47321,1,0.11728
-6.8317,-2.4501,5.1071,1.017,2.2964,-0.15474,-0.15474,0.031861,0.52679,1,0.11728
-6.8317,-2.2501,5.9568,0.82675,3.0521,-0.47543,-0.47543,0.086859,1,1,0.067901
-6.8317,-2.0501,3.2409,1.0101,0.03761,-0.023367,-0.023367,0.014518,0.28571,1,0.04321
-6.8317,-1.8501,4.1908,0.99422,3.4134,-0.40308,-0.40308,0.064569,1,1,0.049383
-6.8317,-1.6501,3.1602,1.0536,3.0106,0.43402,0.43402,0.091887,1,1,0.04321
-6.8317,-1.4501,5.8288,1.162,2.6109,-0.22677,-0.22677,0.041892,1,1,0.061728
-6.8317,-1.2501,0.40113,0.87787,0.072438,0.0044728,0.0044728,0.03327,0.64286,1,0.08642
-6.8317,-1.2501,3.747,1.1975,0.10557,-0.0057177,-0.0057177,0.001399,0.35714,1,0.08642
-6.8317,-1.0501,3.0659,1.2019,4.3493,0.21704,0.21704,0.052046,1,1,0.092593
-6.8317,-0.85007,2.0778,1.2681,2.2924,0.19218,0.19218,0.03764,1,1,0.074074
-6.8317,-0.65007,0.29516,1.0417,0.0051303,-0.001046,-0.001046,0.018964,0.5,1,0.08642
-6.8317,-0.65007,3.6037,1.2952,0.028628,-2.3706e-06,-2.3706e-06,0.010234,0.35714,1,0.08642
-6.8317,-0.45007,0.31695,1.145,0.019698,-0.0008467,-0.0008467,0.024193,0.64286,1,0.08642
-6.8317,-0.45007,3.3635,1.3186,0.0011934,-0.00080835,-0.00080835,0.00054756,0.14286,1,0.08642
-6.8317,-0.25007,1.0425,1.2311,1.7942,0.028844,0.028844,0.012762,1,1,0.08642
-6.8317,-0.05007,0.28724,1.3262,0.00014042,0.00068055,0.00068055,0.0032982,0.25,1,0.049383
-6.8317,0.14993,3.2765,1.2719,0.058375,-0.0010588,-0.0010588,0.011039,0.63636,1,0.067901
-6.8317,0.34993,3.3112,1.2351,0.033634,-0.013921,-0.013921,0.0302,0.53846,1,0.080247
-6.8317,0.34993,0.37545,1.2508,0.015918,0.0052836,0.0052836,0.001775,0.23077,1,0.080247
-6.8317,0.54993,6.2811,1.0561,0.11283,-0.025987,-0.025987,0.11575,0.53333,1,0.092593
-6.8317,0.54993,3.2487,1.3078,0.046648,-0.030024,-0.030024,0.037675,0.46667,1,0.092593
-6.8317,0.74993,3.1692,1.3259,0.11207,-0.00023153,-0.00023153,0.037859,0.38889,1,0.11111
-6.8317,0.74993,6.204,0.98442,0.088113,-0.034025,-0.034025,0.082391,0.61111,1,0.11111
-6.8317,0.94993,3.0029,1.178,0.23133,0.016019,0.016019,0.036975,0.5,1,0.1358
-6.8317,0.94993,6.2075,0.97108,0.050382,0.044972,0.044972,0.061395,0.5,1,0.1358
-6.8317,1.1499,3.0444,1.2326,0.043669,-0.015943,-0.015943,0.076461,0.61905,1,0.12963
-6.8317,1.1499,6.1678,1.0715,0.045822,0.026947,0.026947,0.043087,0.38095,1,0.12963
-6.8317,1.3499,6.1439,1.0506,0.026215,0.0061361,0.0061361,0.034807,0.287,1,0.3642
-6.8317,1.3499,3.0413,1.3624,0.018955,-0.011617,-0.011617,0.01775,0.22028,1,0.3642
-6.8317,1.3499,4.7054,0.21707,2.5884,-0.23889,-0.23889,0.060006,0.49272,1,0.3642
-6.8317,1.5499,0.050615,0.18619,3.4935,0.32066,0.32066,0.055177,0.54824,1,0.32716
-6.8317,1.5499,3.1385,1.3177,0.034442,-0.022632,-0.022632,0.026593,0.20751,1,0.32716
-6.8317,1.5499,6.2714,1.0528,0.070325,-0.01374,-0.01374,0.028452,0.24425,1,0.32716
-6.8317,1.7499,3.0041,1.2158,0.0036869,0.0019531,0.0019531,0.0010346,0.16667,1,0.074074
-6.8317,1.7499,0.94963,0.69146,5.747,-0.95084,-0.95084,0.21601,0.83333,1,0.074074
-6.8317,1.9499,5.1327,0.27903,0.22335,0.035842,0.035842,0.028541,0.38457,1,0.080247
-6.8317,1.9499,1.6004,0.34758,0.34784,0.070006,0.070006,0.11332,0.61543,1,0.080247
-6.8317,2.1499,5.9841,0.24843,2.9076,0.20745,0.20745,0.054969,1,1,0.19136
-6.8317,2.3499,4.826,0.11465,2.1382,0.039461,0.039461,0.0051565,0.87326,1,0.35185
-6.8317,2.3499,2.6767,0.6081,0.0094083,0.0045765,0.0045765,0.051972,0.10919,1,0.35185
-6.8317,2.5499,3.1936,0.5239,1.4874,-0.11706,-0.11706,0.068318,0.29977,1,0.44444
-6.8317,2.5499,4.5083,0.09221,2.6115,-0.028912,-0.028912,0.0031638,0.70023,1,0.44444
-6.8317,2.7499,2.7951,0.21537,6.948,-0.3992,-0.3992,0.045689,1,1,0.30864
-6.8317,2.9499,5.5027,0.16864,3.2031,0.22228,0.22228,0.037161,1,1,0.11111
-6.8317,3.1499,5.0676,0.04815,3.1171,0.063383,0.063383,0.0017013,1,1,0.024691
-6.6317,-3.2501,3.2244,0.20665,7.2175,0.58365,0.58365,0.055367,1,1,0.16049
-6.6317,-3.0501,1.9596,0.076474,2.0797,0.037669,0.037669,0.0011109,0.47676,1,0.2284
-6.6317,-3.0501,1.6601,0.56848,2.3818,-0.20983,-0.20983,0.065455,0.52324,1,0.2284
-6.6317,-2.8501,0.92589,0.56556,3.9656,-0.45833,-0.45833,0.098177,1,1,0.15432
-6.6317,-2.6501,0.7756,0.60945,3.4921,-0.54078,-0.54078,0.11691,1,1,0.08642
-6.6317,-2.4501,0.16849,0.8701,3.256,-0.46354,-0.46354,0.095119,1,1,0.080247
-6.6317,-2.2501,0.39807,0.7967,0.95897,-0.070954,-0.070954,0.017471,1,1,0.067901
-6.6317,-2.0501,2.0889,1.0252,1.7879,0.19088,0.19088,0.064383,1,1,0.067901
-6.6317,-1.8501,2.665,1.0474,1.1157,0.198,0.198,0.049711,1,1,0.055556
-6.6317,-1.4501,2.1218,1.1282,3.2188,0.30947,0.30947,0.04974,1,1,0.055556
-6.6317,-1.2501,3.266,1.2361,0.45484,-0.051642,-0.051642,0.01963,0.64291,1,0.08642
-6.6317,-1.2501,0.32964,0.89305,0.10664,0.03151,0.03151,0.04394,0.35709,1,0.08642
-6.6317,-1.0501,3.2478,1.2524,0.45436,0.053777,0.053777,0.027563,0.39167,1,0.11111
-6.6317,-1.0501,0.69116,1.0651,0.10381,0.039206,0.039206,0.077321,0.60833,1,0.11111
-6.6317,-0.85007,3.5343,1.2662,0.45868,0.064039,0.064039,0.019662,0.5,1,0.098765
-6.6317,-0.85007,0.48371,1.2133,0.063213,0.021625,0.021625,0.019949,0.5,1,0.098765
-6.6317,-0.65007,0.29755,1.1333,0.0086916,0.0037673,0.0037673,0.011996,0.5,1,0.061728
-6.6317,-0.65007,3.3272,1.3575,0.50612,-0.047808,-0.047808,0.0132,0.5,1,0.061728
-6.6317,-0.45007,0.31107,1.2605,0.011585,0.0027404,0.0027404,0.00064821,0.14286,1,0.08642
-6.6317,-0.45007,3.6371,1.338,0.057515,0.00312,0.00312,0.0070283,0.57143,1,0.08642
-6.6317,-0.25007,0.31038,1.1828,0.036735,0.012489,0.012489,0.018067,0.57143,1,0.08642
-6.6317,-0.25007,3.4781,1.3275,0.024632,0.0094773,0.0094773,0.0099707,0.42857,1,0.08642
-6.6317,-0.05007,0.1146,1.1629,0.017865,0.023562,0.023562,0.031592,0.5,1,0.074074
-6.6317,-0.05007,3.3248,1.3332,0.023835,0.0016934,0.0016934,0.0009666,0.33333,1,0.074074
-6.6317,0.14993,1.8451,1.1639,2.3,0.17312,0.17312,0.029568,1,1,0.074074
-6.6317,0.34993,1.907,1.1451,2.3689,0.18372,0.18372,0.035489,1,1,0.074074
-6.6317,0.54993,6.1175,1.0675,0.098829,0.013166,0.013166,0.055497,0.53845,1,0.080247
-6.6317,0.54993,3.0236,1.2887,0.39882,0.051216,0.051216,0.025963,0.46155,1,0.080247
-6.6317,0.74993,6.121,1.0576,0.072913,-0.0050303,-0.0050303,0.057059,0.52632,1,0.11728
-6.6317,0.74993,3.093,1.3283,0.2647,0.043015,0.043015,0.04776,0.47368,1,0.11728
-6.6317,0.94993,3.1519,1.2879,0.99206,0.037769,0.037769,0.039564,0.60223,1,0.12346
-6.6317,0.94993,0.042491,0.95054,0.039273,0.01879,0.01879,0.041663,0.39777,1,0.12346
-6.6317,1.1499,2.8749,1.1371,0.38216,0.038429,0.038429,0.091022,0.57144,1,0.12963
-6.6317,1.1499,6.0821,0.97989,0.083638,0.043192,0.043192,0.059633,0.42856,1,0.12963
-6.6317,1.3499,6.0165,0.8102,0.10354,0.019674,0.019674,0.13344,0.45906,1,0.2284
-6.6317,1.3499,3.0855,0.98412,0.45903,-0.081248,-0.081248,0.1475,0.54094,1,0.2284
-6.6317,1.5499,0.16376,0.54081,2.047,0.043701,0.043701,0.18964,0.79851,1,0.2716
-6.6317,1.5499,3.1613,1.3507,0.018111,-0.0042424,-0.0042424,0.01713,0.20149,1,0.2716
-6.6317,1.7499,1.2852,0.21607,4.5223,0.37859,0.37859,0.063714,0.82238,1,0.27778
-6.6317,1.7499,3.1059,1.2279,0.048367,0.0099393,0.0099393,0.021933,0.17762,1,0.27778
-6.6317,1.9499,4.1542,0.81557,2.4608,-0.4141,-0.4141,0.10694,0.42491,1,0.1358
-6.6317,1.9499,3.3315,0.096728,3.2367,-0.063778,-0.063778,0.007281,0.57509,1,0.1358
-6.6317,2.1499,4.736,0.47043,2.9197,-0.40422,-0.40422,0.081524,1,1,0.074074
-6.6317,2.3499,5.755,0.27931,5.3709,0.48842,0.48842,0.088907,1,1,0.37037
-6.6317,2.5499,4.2458,0.30475,3.714,-0.2099,-0.2099,0.087406,1,1,0.45062
-6.6317,2.7499,4.0217,0.30875,3.7842,-0.1882,-0.1882,0.077269,1,1,0.2716
-6.6317,2.9499,5.3098,0.086837,2.2783,0.066428,0.066428,0.0039282,0.85714,1,0.08642
-6.4317,-3.2501,2.2971,0.38858,1.7999,0.25822,0.25822,0.12656,1,1,0.15432
-6.4317,-3.0501,3.3823,0.93886,0.14555,0.0053706,0.0053706,0.11159,0.49984,1,0.12346
-6.4317,-3.0501,0.62195,0.562,0.43048,-0.122,-0.122,0.067778,0.50016,1,0.12346
-6.4317,-2.8501,6.1382,0.80739,4.6971,-0.75209,-0.75209,0.16869,1,1,0.1358
-6.4317,-2.6501,1.2528,0.81592,1.3094,0.15125,0.15125,0.14512,1,1,0.11111
-6.4317,-2.4501,1.5914,0.9907,1.6718,0.14723,0.14723,0.057543,1,1,0.067901
-6.4317,-2.2501,1.2746,0.96281,1.6579,0.23223,0.23223,0.080561,1,1,0.080247
-6.4317,-2.0501,1.0803,0.93899,0.013667,0.022631,0.022631,0.080283,0.41667,1,0.074074
-6.4317,-2.0501,3.6358,1.1568,0.16807,-0.0033696,-0.0033696,0.0028583,0.41667,1,0.074074
-6.4317,-1.8501,3.3203,1.143,1.8766,0.11437,0.11437,0.035136,1,1,0.061728
-6.4317,-1.6501,1.2943,1.0714,0.84946,-0.036349,-0.036349,0.068665,1,1,0.049383
-6.4317,-1.4501,5.8058,1.0335,2.3796,-0.31191,-0.31191,0.086744,1,1,0.04321
-6.4317,-1.2501,1.85,1.1712,1.177,0.070641,0.070641,0.066859,1,1,0.061728
-6.4317,-1.0501,0.60715,1.0481,0.15315,0.057395,0.057395,0.068257,0.50012,1,0.11111
-6.4317,-1.0501,3.3498,1.327,0.27062,-0.028936,-0.028936,0.02069,0.49988,1,0.11111
-6.4317,-0.85007,3.5514,1.2543,0.043286,0.0033061,0.0033061,0.00029771,0.41667,1,0.074074
-6.4317,-0.65007,0.74652,1.3609,0.0028617,0.0015436,0.0015436,0.00083261,0.16667,1,0.074074
-6.4317,-0.45007,0.27603,1.1088,0.025546,0.023272,0.023272,0.028243,0.35714,1,0.08642
-6.4317,-0.45007,3.7294,1.371,0.0729,0.0092007,0.0092007,0.011494,0.64286,1,0.08642
-6.4317,-0.25007,3.4687,1.3757,0.27341,0.029562,0.029562,0.014212,0.57895,1,0.11728
-6.4317,-0.25007,0.20765,1.2301,0.025448,-0.0032014,-0.0032014,0.0094378,0.42105,1,0.11728
-6.4317,-0.05007,0.40641,1.1515,0.40381,0.025859,0.025859,0.018747,0.56251,1,0.098765
-6.4317,-0.05007,3.4137,1.3432,0.076281,-0.0027338,-0.0027338,0.0088156,0.43749,1,0.098765
-6.4317,0.14993,1.7397,1.1729,1.984,0.17537,0.17537,0.030276,1,1,0.067901
-6.4317,0.34993,1.8806,1.2466,2.0444,0.081783,0.081783,0.02377,1,1,0.080247
-6.4317,0.54993,6.271,1.12,0.091395,0.039054,0.039054,0.043994,0.61891,1,0.12963
-6.4317,0.54993,2.9158,1.3082,0.498,0.030734,0.030734,0.021153,0.38109,1,0.12963
-6.4317,0.74993,6.1244,1.0639,0.055201,0.0080539,0.0080539,0.026831,0.66667,1,0.092593
-6.4317,0.94993,3.9071,1.1872,3.2852,-0.32143,-0.32143,0.068303,1,1,0.098765
-6.4317,1.1499,6.047,0.9789,0.11685,0.078555,0.078555,0.087203,0.41667,1,0.14815
-6.4317,1.1499,3.1737,1.1756,0.08073,-0.030201,-0.030201,0.11375,0.58333,1,0.14815
-6.4317,1.3499,3.0292,1.1239,0.18972,-0.0021215,-0.0021215,0.11178,0.5,1,0.19753
-6.4317,1.3499,6.0081,1.0185,0.083373,0.044503,0.044503,0.098674,0.5,1,0.19753
-6.4317,1.5499,0.17091,1.217,0.0011196,0.00075486,0.00075486,0.00050895,0.054054,1,0.2284
-6.4317,1.5499,5.9964,0.33944,0.024492,-0.023791,-0.023791,0.02311,0.054053,1,0.2284
-6.4317,1.5499,1.8774,0.83478,3.1084,0.34639,0.34639,0.25146,0.89189,1,0.2284
-6.4317,1.7499,0.77355,0.43359,3.6754,0.26306,0.26306,0.20565,1,1,0.30247
-6.4317,1.9499,0.73587,0.77891,4.4672,0.64882,0.64882,0.13212,0.37254,1,0.15432
-6.4317,1.9499,0.19882,0.070679,3.5972,0.05258,0.05258,0.0022092,0.62746,1,0.15432
-6.4317,2.1499,6.1338,0.67239,0.002895,0.0036657,0.0036657,0.0046417,0.2,1,0.061728
-6.4317,2.3499,2.8252,1.0655,0.034471,-0.033438,-0.033438,0.037223,0.22027,1,0.21605
-6.4317,2.3499,5.6256,0.48591,2.8096,-0.12329,-0.12329,0.098235,0.77973,1,0.21605
-6.4317,2.5499,6.038,0.29158,2.1647,0.031471,0.031471,0.076348,0.83802,1,0.33951
-6.4317,2.5499,3.011,0.98464,0.03033,-0.0099845,-0.0099845,0.014802,0.16198,1,0.33951
-6.4317,2.7499,6.1093,0.29858,3.3682,0.27494,0.27494,0.10402,1,1,0.23457
-6.4317,2.9499,4.028,0.14444,3.9637,-0.19116,-0.19116,0.029687,1,1,0.2037
-6.4317,3.1499,5.3582,0.023291,3.2699,-0.010005,-0.010005,0.00025979,0.88235,1,0.10494
-6.2317,-3.8501,4.1672,0.32003,1.306,-0.13214,-0.13214,0.053441,1,1,0.04321
-6.2317,-3.6501,3.5704,0.37378,1.0677,0.053022,0.053022,0.11265,1,1,0.055556
-6.2317,-3.4501,0.14576,0.30676,2.1344,-0.08568,-0.08568,0.0069842,0.875,1,0.049383
-6.2317,-3.2501,0.072808,0.28729,0.83029,-0.062937,-0.062937,0.0049269,0.25,1,0.098765
-6.2317,-3.2501,3.1597,0.80568,0.085713,-0.0083249,-0.0083249,0.00080856,0.1875,1,0.098765
-6.2317,-3.0501,1.1104,0.49865,0.78441,-0.088852,-0.088852,0.052118,0.5008,1,0.11111
-6.2317,-3.0501,3.8728,0.94065,0.32914,-0.20282,-0.20282,0.15881,0.4992,1,0.11111
-6.2317,-2.8501,0.2301,0.76655,5.4312,-0.77392,-0.77392,0.15563,1,1,0.11728
-6.2317,-2.6501,1.0387,0.67071,4.3657,-0.59318,-0.59318,0.10615,1,1,0.092593
-6.2317,-2.2501,0.018655,0.76993,0.0031331,-0.0080649,-0.0080649,0.020783,0.57143,1,0.04321
-6.2317,-2.0501,1.3769,0.92832,1.6253,0.2642,0.2642,0.063098,0.81818,1,0.067901
-6.2317,-2.0501,3.0861,1.1886,0.0058259,-0.0012999,-0.0012999,0.00029002,0.18182,1,0.067901
-6.2317,-1.8501,2.3401,1.1833,1.9733,0.12942,0.12942,0.038608,1,1,0.080247
-6.2317,-1.6501,4.3637,1.2315,8.0903,0.35502,0.35502,0.020878,1,1,0.08642
-6.2317,-1.4501,3.901,1.1599,2.9107,-0.38022,-0.38022,0.070231,1,1,0.055556
-6.2317,-1.2501,0.78289,1.0044,0.051779,-0.027266,-0.027266,0.11096,0.71429,1,0.04321
-6.2317,-1.0501,3.5581,1.2372,0.026451,-0.0013245,-0.0013245,0.00053149,0.4,1,0.061728
-6.2317,-1.0501,0.35476,1.0382,0.038995,0.040472,0.040472,0.079521,0.5,1,0.061728
-6.2317,-0.85007,3.5252,1.2551,0.034175,0.0027225,0.0027225,0.0002513,0.42857,1,0.08642
-6.2317,-0.65007,3.4698,1.2852,0.0040755,0.0016374,0.0016374,0.0022777,0.31579,1,0.11728
-6.2317,-0.65007,0.84115,1.2507,0.36223,0.028381,0.028381,0.016183,0.68421,1,0.11728
-6.2317,-0.45007,1.0599,1.2612,1.481,0.12872,0.12872,0.026234,1,1,0.10494
-6.2317,-0.25007,0.21106,1.2339,0.0047328,-0.0027775,-0.0027775,0.030233,0.46667,1,0.092593
-6.2317,-0.25007,3.2957,1.3295,0.00097344,-0.0033521,-0.0033521,0.011543,0.13333,1,0.092593
-6.2317,-0.05007,3.3109,1.3402,0.50604,-0.0021735,-0.0021735,0.012059,0.50025,1,0.12346
-6.2317,-0.05007,0.23811,1.2202,0.043274,0.014771,0.014771,0.036298,0.49975,1,0.12346
-6.2317,0.14993,2.7735,1.2785,4.3856,0.2756,0.2756,0.027979,1,1,0.08642
-6.2317,0.34993,0.43228,1.3299,0.000441,0.0006658,0.0006658,0.0010052,0.18182,1,0.067901
-6.2317,0.34993,3.6652,1.2269,4.3692,-0.35611,-0.35611,0.046636,0.81818,1,0.067901
-6.2317,0.54993,3.2256,1.3726,0.049197,-0.016464,-0.016464,0.016696,0.35,1,0.12346
-6.2317,0.54993,0.14262,1.233,0.30629,0.029422,0.029422,0.040583,0.65,1,0.12346
-6.2317,0.74993,3.4505,1.2213,0.0026031,0.0076469,0.0076469,0.024189,0.17647,1,0.10494
-6.2317,0.74993,6.2197,1.1144,0.047427,-0.0027654,-0.0027654,0.037308,0.64706,1,0.10494
-6.2317,0.94993,2.9534,1.2816,0.018554,-0.0056719,-0.0056719,0.044763,0.5,1,0.074074
-6.2317,1.1499,3.2927,1.196,0.15238,-0.095398,-0.095398,0.16409,0.46875,1,0.19753
-6.2317,1.1499,6.2586,1.0688,0.18996,-0.052984,-0.052984,0.15622,0.53125,1,0.19753
-6.2317,1.3499,6.1678,1.1132,0.056878,0.016176,0.016176,0.084204,0.5,1,0.22222
-6.2317,1.3499,3.3065,1.1571,0.15235,-0.071619,-0.071619,0.14236,0.5,1,0.22222
-6.2317,1.5499,6.1777,0.98928,0.050086,0.029983,0.029983,0.12024,0.41379,1,0.17901
-6.2317,1.5499,3.1582,1.1176,0.082992,-0.026825,-0.026825,0.1032,0.58621,1,0.17901
-6.2317,1.7499,6.2069,0.54651,0.1213,-0.0045559,-0.0045559,0.14108,0.52174,1,0.14198
-6.2317,1.7499,3.0029,0.92974,0.051166,0.018402,0.018402,0.16037,0.47826,1,0.14198
-6.2317,1.9499,1.592,0.80755,2.2477,0.30609,0.30609,0.13844,1,1,0.049383
-6.2317,2.1499,6.0392,0.81599,0.04758,-0.011381,-0.011381,0.013834,0.6,1,0.061728
-6.2317,2.3499,5.7662,0.40527,0.87667,0.049954,0.049954,0.091821,0.77448,1,0.19136
-6.2317,2.3499,2.8863,1.0683,0.051799,0.0019792,0.0019792,0.017734,0.22552,1,0.19136
-6.2317,2.5499,6.2692,0.29863,1.489,0.0034548,0.0034548,0.096626,0.87416,1,0.32716
-6.2317,2.5499,2.828,0.9078,0.07144,0.048691,0.048691,0.038532,0.12584,1,0.32716
-6.2317,2.7499,0.14972,0.2864,2.3942,0.20313,0.20313,0.094678,1,1,0.24691
-6.2317,2.9499,3.8932,0.14092,5.5252,-0.25516,-0.25516,0.023826,1,1,0.19753
-6.0317,-3.6501,3.126,0.40865,1.1004,0.095451,0.095451,0.111,1,1,0.055556
-6.0317,-3.4501,2.0492,0.18776,0.32614,-0.056229,-0.056229,0.011535,0.55556,1,0.055556
-6.0317,-3.2501,4.0221,0.41945,2.6849,-0.068668,-0.068668,0.14966,1,1,0.098765
-6.0317,-3.0501,3.4561,1.1618,0.023891,0.012307,0.012307,0.0064129,0.33163,1,0.055556
-6.0317,-3.0501,4.6096,0.57989,0.75085,-0.12936,-0.12936,0.21208,0.66837,1,0.055556
-6.0317,-2.8501,5.3642,0.88908,1.9652,-0.15005,-0.15005,0.068624,1,1,0.074074
-6.0317,-2.6501,4.7705,0.72547,1.5615,0.11183,0.11183,0.11053,1,1,0.08642
-6.0317,-2.4501,3.9718,0.56105,0.26952,0.11077,0.11077,0.049864,0.44444,1,0.055556
-6.0317,-2.2501,0.28195,1.0146,2.0296,0.18541,0.18541,0.053278,1,1,0.061728
-6.0317,-2.0501,2.6023,1.0648,4.7199,0.31125,0.31125,0.053693,1,1,0.08642
-6.0317,-1.8501,2.5073,1.1113,3.0713,0.2039,0.2039,0.06409,1,1,0.092593
-6.0317,-1.6501,4.0521,1.1828,0.0088129,-0.0021008,-0.0021008,0.0039793,0.24955,1,0.074074
-6.0317,-1.6501,0.7357,0.9997,1.0724,0.087211,0.087211,0.094624,0.75045,1,0.074074
-6.0317,-1.2501,3.165,1.1676,3.4975,-0.26842,-0.26842,0.054657,1,1,0.074074
-6.0317,-1.0501,0.62563,1.2649,0.065531,0.036459,0.036459,0.02194,0.4,1,0.092593
-6.0317,-0.85007,3.4933,1.2586,0.016297,0.0024519,0.0024519,0.00042332,0.35714,1,0.08642
-6.0317,-0.65007,0.72328,1.2341,0.4057,0.049723,0.049723,0.022422,0.61905,1,0.12963
-6.0317,-0.65007,3.5941,1.2839,0.030038,0.0051882,0.0051882,0.0019702,0.38095,1,0.12963
-6.0317,-0.45007,3.5031,1.3518,0.049089,-0.0043425,-0.0043425,0.0074794,0.5,1,0.074074
-6.0317,-0.25007,3.5081,1.3819,0.038894,-0.007502,-0.007502,0.011469,0.46667,1,0.092593
-6.0317,-0.25007,0.44911,1.3504,0.12243,0.0051717,0.0051717,0.0007666,0.33333,1,0.092593
-6.0317,-0.05007,0.22631,1.1929,0.13823,0.0008109,0.0008109,0.030173,0.45,1,0.12346
-6.0317,-0.05007,3.5565,1.375,0.099558,0.008342,0.008342,0.012731,0.55,1,0.12346
-6.0317,0.14993,0.26605,1.1243,0.16678,0.015595,0.015595,0.031101,0.38889,1,0.11111
-6.0317,0.14993,3.4475,1.3562,0.12418,0.026936,0.026936,0.017351,0.61111,1,0.11111
-6.0317,0.34993,2.4967,1.2555,4.3041,0.1633,0.1633,0.023902,1,1,0.061728
-6.0317,0.54993,0.24732,1.2396,1.8524,0.14627,0.14627,0.048173,1,1,0.08642
-6.0317,0.74993,0.049872,1.2055,0.048037,0.021702,0.021702,0.019298,0.46154,1,0.080247
-6.0317,0.74993,3.2026,1.3382,0.13355,-0.031278,-0.031278,0.031429,0.53846,1,0.080247
-6.0317,0.94993,6.2831,1.0141,5.9081,0.9843,0.9843,0.24381,1,1,0.08642
-6.0317,1.1499,5.6042,0.80402,2.0412,-0.10484,-0.10484,0.28961,1,1,0.14198
-6.0317,1.3499,3.1636,1.181,0.0428,0.014627,0.014627,0.1019,0.49872,1,0.12346
-6.0317,1.3499,5.8594,0.5339,0.82816,0.025017,0.025017,0.1036,0.50128,1,0.12346
-6.0317,1.5499,3.238,1.0973,0.082776,-0.021727,-0.021727,0.11831,0.59259,1,0.16667
-6.0317,1.5499,5.8733,0.61903,0.011301,-0.0054739,-0.0054739,0.0058182,0.22222,1,0.16667
-6.0317,1.7499,3.1422,1.1262,0.052325,0.0057726,0.0057726,0.081863,0.76471,1,0.10494
-6.0317,1.7499,5.9912,0.51661,0.0031766,-0.0049436,-0.0049436,0.0084988,0.17647,1,0.10494
-6.0317,1.9499,2.9109,1.0357,0.072461,-0.047935,-0.047935,0.061089,0.54545,1,0.067901
-6.0317,1.9499,6.1114,1.0367,0.0060934,-0.0021404,-0.0021404,0.00075186,0.18182,1,0.067901
-6.0317,2.1499,4.7297,0.51654,3.4362,-0.25765,-0.25765,0.23356,1,1,0.14815
-6.0317,2.3499,0.47093,0.43423,3.1946,0.1725,0.1725,0.15268,1,1,0.26543
-6.0317,2.5499,6.1014,0.5168,0.34915,0.038784,0.038784,0.1089,0.64542,1,0.19136
-6.0317,2.5499,2.6165,0.80213,0.19067,0.16555,0.16555,0.18492,0.35458,1,0.19136
-6.0317,2.7499,0.25785,0.59818,1.615,0.30421,0.30421,0.10293,0.88235,1,0.10494
-6.0317,2.7499,2.7481,0.61457,0.0070703,-0.0090526,-0.0090526,0.011591,0.11765,1,0.10494
-6.0317,2.9499,3.6678,0.50249,3.1202,-0.35851,-0.35851,0.083854,1,1,0.049383
-5.8317,-3.4501,4.1265,0.040857,0.88168,0.017716,0.017716,0.00048796,0.5,1,0.074074
-5.8317,-3.2501,4.5013,0.26145,1.8408,-0.03716,-0.03716,0.10992,1,1,0.11728
-5.8317,-3.0501,4.461,0.81277,2.428,-0.31314,-0.31314,0.23915,1,1,0.067901
-5.8317,-2.8501,3.3422,1.2782,0.1025,-0.08009,-0.08009,0.09078,0.66667,1,0.074074
-5.8317,-2.6501,0.17888,0.84852,5.0855,-0.69748,-0.69748,0.11704,1,1,0.049383
-5.8317,-2.2501,0.064995,0.98418,0.0030443,-0.0020467,-0.0020467,0.001376,0.28571,1,0.04321
-5.8317,-2.0501,1.2772,1.1346,3.1895,0.13072,0.13072,0.050791,1,1,0.074074
-5.8317,-1.8501,2.8243,1.0832,4.0053,0.12254,0.12254,0.048053,1,1,0.074074
-5.8317,-1.6501,2.1112,0.99388,10.5,-0.83001,-0.83001,0.071082,1,1,0.055556
-5.8317,-1.4501,1.1456,0.89319,0.013585,0.0010926,0.0010926,0.10096,0.625,1,0.049383
-5.8317,-1.2501,4.03,1.28,0.0041558,0.0013704,0.0013704,0.0015711,0.22854,1,0.080247
-5.8317,-1.2501,1.8466,1.0548,1.6503,0.024809,0.024809,0.10146,0.77146,1,0.080247
-5.8317,-1.0501,3.2724,1.2078,3.6806,-0.33266,-0.33266,0.041443,1,1,0.055556
-5.8317,-0.85007,3.5024,1.1408,5.1284,-0.30919,-0.30919,0.036031,1,1,0.074074
-5.8317,-0.65007,3.7024,1.2892,0.059921,-0.017447,-0.017447,0.034404,0.58824,1,0.10494
-5.8317,-0.65007,0.47492,1.1446,0.041107,-0.0096508,-0.0096508,0.018605,0.41176,1,0.10494
-5.8317,-0.45007,0.15931,1.1597,0.61421,0.10029,0.10029,0.035435,0.58824,1,0.10494
-5.8317,-0.45007,3.5949,1.3687,0.04046,0.0076905,0.0076905,0.012664,0.41176,1,0.10494
-5.8317,-0.25007,0.45929,1.2894,0.089552,0.017105,0.017105,0.023319,0.73333,1,0.092593
-5.8317,-0.05007,0.22025,1.2289,0.10988,0.036452,0.036452,0.035624,0.76471,1,0.10494
-5.8317,0.14993,3.6165,1.4112,0.088478,-0.0049052,-0.0049052,0.017421,0.64286,1,0.08642
-5.8317,0.14993,0.3545,1.1243,0.19899,0.010092,0.010092,0.018692,0.35714,1,0.08642
-5.8317,0.34993,4.4308,1.1922,3.5767,-0.21305,-0.21305,0.032211,1,1,0.080247
-5.8317,0.54993,3.272,1.3177,0.14069,-0.024331,-0.024331,0.018471,0.33333,1,0.11111
-5.8317,0.54993,0.28224,1.1816,0.14465,0.014319,0.014319,0.029103,0.66667,1,0.11111
-5.8317,0.74993,0.038611,1.1831,0.060665,0.029156,0.029156,0.027367,0.625,1,0.098765
-5.8317,0.94993,3.2099,1.3704,0.089372,-0.022657,-0.022657,0.04417,0.52174,1,0.14198
-5.8317,0.94993,6.1523,1.1098,0.08001,0.016724,0.016724,0.094664,0.47826,1,0.14198
-5.8317,1.1499,3.2852,1.1825,0.22888,-0.18768,-0.18768,0.23434,0.44828,1,0.17901
-5.8317,1.1499,6.1837,0.87545,0.10771,-0.065946,-0.065946,0.24707,0.55172,1,0.17901
-5.8317,1.3499,3.1465,1.1906,0.068834,-0.0081458,-0.0081458,0.078571,0.46875,1,0.19753
-5.8317,1.3499,6.2259,1.0875,0.078393,-0.0020719,-0.0020719,0.15839,0.53125,1,0.19753
-5.8317,1.5499,0.13756,1.3829,0.028795,-0.0022704,-0.0022704,0.0057264,0.21428,1,0.17284
-5.8317,1.5499,3.1364,0.7707,0.10242,0.012416,0.012416,0.013071,0.25033,1,0.17284
-5.8317,1.5499,3.149,1.3652,0.10825,0.025919,0.025919,0.017205,0.28538,1,0.17284
-5.8317,1.5499,6.0512,0.7056,0.036421,0.0095933,0.0095933,0.019915,0.25001,1,0.17284
-5.8317,1.7499,2.9932,0.92624,0.0071326,-0.012826,-0.012826,0.023063,0.095238,1,0.12963
-5.8317,1.7499,0.063164,0.81328,1.987,0.26689,0.26689,0.27771,0.90476,1,0.12963
-5.8317,1.9499,6.0079,1.0507,0.11636,0.038773,0.038773,0.036021,0.29167,1,0.14815
-5.8317,1.9499,4.6494,0.13163,3.417,-0.12667,-0.12667,0.010536,0.41477,1,0.14815
-5.8317,1.9499,3.0367,1.1992,0.099315,0.0079815,0.0079815,0.07974,0.29357,1,0.14815
-5.8317,2.1499,3.5619,0.5836,2.8926,0.26394,0.26394,0.1784,1,1,0.14815
-5.8317,2.3499,1.2719,0.18579,5.7229,0.31151,0.31151,0.023693,0.5462,1,0.19753
-5.8317,2.3499,2.8137,0.80424,0.14384,0.062187,0.062187,0.069344,0.2038,1,0.19753
-5.8317,2.3499,6.118,0.9697,0.036483,0.0052572,0.0052572,0.011069,0.25,1,0.19753
-5.8317,2.5499,6.2443,0.7558,0.036111,-0.027756,-0.027756,0.047266,0.59091,1,0.1358
-5.8317,2.5499,3.6496,0.81436,0.12412,-0.1222,-0.1222,0.14579,0.22358,1,0.1358
-5.8317,2.5499,2.6038,0.7346,0.12533,0.098523,0.098523,0.094668,0.18551,1,0.1358
-5.8317,2.7499,0.033967,0.82907,0.10381,0.025023,0.025023,0.035379,0.7,1,0.061728
-5.8317,2.9499,3.9512,0.3827,2.83,-0.44875,-0.44875,0.10178,1,1,0.061728
-5.8317,3.1499,3.5307,0.25844,0.080311,0.0059502,0.0059502,0.0015836,0.5,1,0.037037
-5.6317,-3.2501,3.1622,0.28308,4.2387,-0.41661,-0.41661,0.10292,1,1,0.061728
-5.6317,-3.0501,3.0447,0.97468,4.0889,0.27427,0.27427,0.069062,1,1,0.04321
-5.6317,-2.8501,3.4332,1.145,0.07723,-0.075629,-0.075629,0.13255,0.7,1,0.061728
-5.6317,-2.6501,3.3348,0.99958,0.019413,-0.055721,-0.055721,0.21524,0.625,1,0.049383
-5.6317,-2.0501,2.9101,1.2153,0.047925,-0.015233,-0.015233,0.018285,0.625,1,0.049383
-5.6317,-1.4501,0.86884,1.0408,2.2028,-0.013741,-0.013741,0.055467,1,1,0.04321
-5.6317,-1.2501,1.0108,0.88698,0.0090351,-0.0018296,-0.0018296,0.11627,0.625,1,0.049383
-5.6317,-1.0501,3.9727,1.1478,0.0014981,-0.0069402,-0.0069402,0.032152,0.16667,1,0.074074
-5.6317,-1.0501,0.94922,0.88379,0.029708,-0.035696,-0.035696,0.12915,0.66667,1,0.074074
-5.6317,-0.85007,3.8905,1.1957,0.085247,-0.011963,-0.011963,0.019026,0.38889,1,0.11111
-5.6317,-0.85007,0.76288,1.0469,0.13239,-0.087704,-0.087704,0.1422,0.61111,1,0.11111
-5.6317,-0.65007,0.059817,1.12,1.7403,-0.033651,-0.033651,0.10066,0.81326,1,0.098765
-5.6317,-0.65007,3.6349,1.2755,0.1211,0.02006,0.02006,0.0033308,0.18674,1,0.098765
-5.6317,-0.45007,3.5546,1.3337,0.03295,0.019348,0.019348,0.013637,0.35,1,0.12346
-5.6317,-0.45007,0.45203,1.3425,0.0004029,0.00068115,0.00068115,0.01096,0.25,1,0.12346
-5.6317,-0.25007,3.5167,1.3508,0.042706,0.0024601,0.0024601,0.002434,0.36842,1,0.11728
-5.6317,-0.25007,0.37861,1.2532,0.088819,0.015532,0.015532,0.03298,0.57895,1,0.11728
-5.6317,-0.05007,0.17408,1.227,0.021248,0.010507,0.010507,0.046177,0.55,1,0.12346
-5.6317,-0.05007,3.3704,1.4043,0.057019,0.0052424,0.0052424,0.0078234,0.45,1,0.12346
-5.6317,0.14993,0.077111,1.261,0.13013,0.015691,0.015691,0.044532,0.44444,1,0.11111
-5.6317,0.14993,3.3542,1.3505,0.11778,-0.010522,-0.010522,0.013014,0.55556,1,0.11111
-5.6317,0.34993,4.4262,1.3851,2.366,0.00076661,0.00076661,0.019117,1,1,0.098765
-5.6317,0.54993,4.6778,1.281,2.462,-0.20011,-0.20011,0.040511,1,1,0.11728
-5.6317,0.74993,3.3074,1.3443,0.11746,-0.0058539,-0.0058539,0.013007,0.5,1,0.08642
-5.6317,0.74993,0.29199,1.2228,0.17153,0.0068738,0.0068738,0.02478,0.5,1,0.08642
-5.6317,0.94993,3.2675,1.348,0.12699,-0.050366,-0.050366,0.037563,0.45455,1,0.1358
-5.6317,0.94993,6.2617,1.1075,0.18683,-0.0018747,-0.0018747,0.11416,0.54545,1,0.1358
-5.6317,1.1499,3.1987,1.2775,0.16561,-0.017134,-0.017134,0.057776,0.37931,1,0.17901
-5.6317,1.1499,6.1907,1.1597,0.057226,0.018519,0.018519,0.10797,0.62069,1,0.17901
-5.6317,1.3499,0.034362,1.2859,0.040636,0.030494,0.030494,0.079057,0.47826,1,0.14198
-5.6317,1.3499,3.1203,1.2441,0.099411,-0.0028758,-0.0028758,0.05148,0.52174,1,0.14198
-5.6317,1.5499,3.202,1.1692,0.098615,-0.025197,-0.025197,0.056562,0.68,1,0.15432
-5.6317,1.5499,6.275,1.0703,0.020314,0.024073,0.024073,0.11464,0.32,1,0.15432
-5.6317,1.7499,3.1204,1.2352,0.13192,-0.00040984,-0.00040984,0.037932,0.54318,1,0.1358
-5.6317,1.7499,0.026353,0.63772,0.78053,-0.062635,-0.062635,0.17618,0.45682,1,0.1358
-5.6317,1.9499,2.9444,1.0017,0.18828,0.055029,0.055029,0.13031,0.3698,1,0.2037
-5.6317,1.9499,3.618,0.13276,5.2967,-0.17377,-0.17377,0.0079967,0.35747,1,0.2037
-5.6317,1.9499,5.8986,0.98417,0.12603,-0.0055761,-0.0055761,0.0068545,0.27273,1,0.2037
-5.6317,2.1499,2.8268,0.75214,0.099181,0.072758,0.072758,0.20754,0.8,1,0.12346
-5.6317,2.1499,5.9095,1.0892,0.13745,0.0156,0.0156,0.0018325,0.15,1,0.12346
-5.6317,2.3499,6.1382,0.90077,0.058027,-0.032317,-0.032317,0.058241,0.85714,1,0.08642
-5.6317,2.5499,3.0274,1.1803,0.00092162,0.002618,0.002618,0.011636,0.16667,1,0.11111
-5.6317,2.5499,6.141,0.85058,0.049666,-0.017588,-0.017588,0.025898,0.66667,1,0.11111
-5.6317,2.7499,3.0635,0.99488,0.0015292,-0.011016,-0.011016,0.13554,0.23077,1,0.080247
-5.6317,2.7499,6.2443,0.79861,0.033935,-0.020644,-0.020644,0.020125,0.38462,1,0.080247
-5.6317,2.9499,4.1375,0.35071,2.7986,-0.43772,-0.43772,0.086262,1,1,0.067901
-5.6317,3.1499,3.4584,0.55016,3.9954,-0.65641,-0.65641,0.12119,1,1,0.024691
-5.4317,-3.2501,4.8908,0.61555,1.3621,-0.15996,-0.15996,0.095165,1,1,0.030864
-5.4317,-3.0501,6.2102,1.0673,0.076866,-0.043096,-0.043096,0.032184,0.44444,1,0.055556
-5.4317,-2.8501,0.071577,1.117,0.033693,-0.0056347,-0.0056347,0.077763,0.44444,1,0.055556
-5.4317,-2.8501,3.3373,1.2606,0.015934,0.0066481,0.0066481,0.026236,0.44444,1,0.055556
-5.4317,-2.6501,3.5117,1.1505,2.9744,-0.3652,-0.3652,0.094624,1,1,0.04321
-5.4317,-2.4501,3.1956,1.2885,0.062158,-0.016775,-0.016775,0.066762,0.875,1,0.049383
-5.4317,-2.2501,5.158,1.0672,3.3522,-0.36281,-0.36281,0.11361,1,1,0.074074
-5.4317,-2.0501,5.5363,1.1304,2.0924,-0.30128,-0.30128,0.10671,1,1,0.055556
-5.4317,-1.8501,5.542,1.1199,0.22217,0.10853,0.10853,0.065396,0.66667,1,0.037037
-5.4317,-1.2501,4.4782,0.50355,0.060526,-0.0086968,-0.0086968,0.0012496,0.5,1,0.024691
-5.4317,-0.85007,0.94736,0.88901,0.19032,-0.1397,-0.1397,0.16549,0.7,1,0.061728
-5.4317,-0.65007,3.6922,1.1873,0.10227,-0.02726,-0.02726,0.01047,0.46667,1,0.092593
-5.4317,-0.65007,0.61285,1.2809,0.058291,0.029587,0.029587,0.043781,0.46667,1,0.092593
-5.4317,-0.45007,0.098225,1.2048,0.013506,0.0060722,0.0060722,0.0027301,0.13333,1,0.092593
-5.4317,-0.45007,3.695,1.2457,0.068795,-0.0020865,-0.0020865,0.0063054,0.66667,1,0.092593
-5.4317,-0.25007,3.5829,1.3562,0.076022,-0.00083159,-0.00083159,0.01612,0.5,1,0.12346
-5.4317,-0.25007,0.30059,1.2103,0.053113,0.017737,0.017737,0.035786,0.5,1,0.12346
-5.4317,-0.05007,0.25189,1.2454,0.098215,0.0090581,0.0090581,0.04569,0.59091,1,0.1358
-5.4317,-0.05007,3.4069,1.4318,0.035434,0.015827,0.015827,0.013157,0.40909,1,0.1358
-5.4317,0.14993,1.8612,1.3105,2.2515,0.10053,0.10053,0.023289,1,1,0.098765
-5.4317,0.34993,3.4556,1.3788,0.1355,-0.012598,-0.012598,0.014455,0.66667,1,0.11111
-5.4317,0.34993,0.29665,1.386,0.1955,0.0077602,0.0077602,0.03495,0.33333,1,0.11111
-5.4317,0.54993,3.3192,1.369,0.14963,-0.0062664,-0.0062664,0.021471,0.61905,1,0.12963
-5.4317,0.54993,6.2281,1.1203,0.095403,0.021801,0.021801,0.028625,0.38095,1,0.12963
-5.4317,0.74993,3.3551,1.3235,0.1869,-0.021629,-0.021629,0.024015,0.40909,1,0.1358
-5.4317,0.74993,0.13886,1.2362,0.1873,0.0069845,0.0069845,0.02247,0.59091,1,0.1358
-5.4317,0.94993,6.2044,1.1,0.15451,0.014266,0.014266,0.1537,0.65217,1,0.14198
-5.4317,0.94993,3.2349,1.3145,0.10766,-0.0065145,-0.0065145,0.021366,0.34783,1,0.14198
-5.4317,1.1499,6.1187,1.0664,0.06364,0.049864,0.049864,0.14789,0.47826,1,0.14198
-5.4317,1.1499,3.1683,1.146,0.16604,-0.014827,-0.014827,0.034965,0.52174,1,0.14198
-5.4317,1.3499,3.2716,1.1693,0.14159,-0.010058,-0.010058,0.060536,0.68421,1,0.11728
-5.4317,1.3499,0.03191,1.1114,0.03722,0.018442,0.018442,0.078132,0.31579,1,0.11728
-5.4317,1.5499,3.2779,1.267,0.091174,-0.034726,-0.034726,0.05738,0.57143,1,0.12963
-5.4317,1.5499,6.232,1.1132,0.10737,0.0086232,0.0086232,0.05161,0.42857,1,0.12963
-5.4317,1.7499,6.1123,0.95464,0.099366,0.02506,0.02506,0.081188,0.57895,1,0.11728
-5.4317,1.7499,3.1922,1.2366,0.13129,-0.028625,-0.028625,0.07474,0.42105,1,0.11728
-5.4317,1.9499,6.1937,0.9595,0.047848,0.031636,0.031636,0.13887,0.44444,1,0.11111
-5.4317,1.9499,2.911,0.95776,0.19173,0.13629,0.13629,0.25175,0.55556,1,0.11111
-5.4317,2.1499,2.8877,0.95692,0.091561,-0.011381,-0.011381,0.10205,0.63636,1,0.067901
-5.4317,2.1499,6.0524,1.1112,0.019262,0.0088908,0.0088908,0.0055207,0.36364,1,0.067901
-5.4317,2.3499,6.0982,0.91194,0.037982,-0.0043032,-0.0043032,0.027374,0.66667,1,0.055556
-5.4317,2.5499,6.0147,0.90116,0.067603,0.01782,0.01782,0.033781,0.64286,1,0.08642
-5.4317,2.7499,5.9853,0.71734,0.057616,0.039516,0.039516,0.14843,0.61538,1,0.080247
-5.4317,2.9499,3.2094,0.60077,0.024493,-0.00589,-0.00589,0.015621,0.5,1,0.037037
-5.2317,-3.0501,5.1665,0.9182,1.8121,-0.26418,-0.26418,0.17138,1,1,0.067901
-5.2317,-2.8501,3.2718,1.4201,0.013846,-0.0077162,-0.0077162,0.034961,0.6,1,0.061728
-5.2317,-2.6501,4.8897,1.078,3.2083,0.15081,0.15081,0.0519,1,1,0.04321
-5.2317,-2.4501,4.2198,1.1792,2.697,-0.20506,-0.20506,0.049668,1,1,0.049383
-5.2317,-2.2501,6.1551,1.2896,0.025494,-0.00028235,-0.00028235,0.00213,0.23066,1,0.080247
-5.2317,-2.2501,3.4775,1.201,1.1381,-0.19307,-0.19307,0.070375,0.76934,1,0.080247
-5.2317,-2.0501,3.8415,1.1547,2.3149,0.1389,0.1389,0.070554,1,1,0.080247
-5.2317,-1.8501,3.5893,1.1484,1.2811,0.024409,0.024409,0.0020209,0.66667,1,0.037037
-5.2317,-1.2501,4.4782,0.50355,0.060526,-0.0086968,-0.0086968,0.0012496,0.5,1,0.024691
-5.2317,-1.0501,4.1571,0.64871,0.0056303,-0.0082392,-0.0082392,0.012057,0.5,1,0.024691
-5.2317,-0.85007,3.8023,1.0962,0.10457,-0.029549,-0.029549,0.060366,0.55556,1,0.055556
-5.2317,-0.65007,0.5382,1.112,0.12393,-0.0431,-0.0431,0.0457,0.68421,1,0.11728
-5.2317,-0.65007,3.6817,1.2003,0.11425,-0.009147,-0.009147,0.027448,0.31579,1,0.11728
-5.2317,-0.45007,5.0897,1.235,3.0939,-0.069917,-0.069917,0.011703,1,1,0.12346
-5.2317,-0.25007,0.3702,1.2724,0.080452,0.049566,0.049566,0.067753,0.42857,1,0.12963
-5.2317,-0.25007,3.6456,1.3247,0.079887,-0.0090719,-0.0090719,0.021913,0.57143,1,0.12963
-5.2317,-0.05007,0.21712,1.2973,0.054015,0.025902,0.025902,0.04967,0.75,1,0.14815
-5.2317,-0.05007,3.3194,1.4046,0.060064,0.014612,0.014612,0.019216,0.25,1,0.14815
-5.2317,0.14993,3.4078,1.455,0.038011,0.030759,0.030759,0.025921,0.26316,1,0.11728
-5.2317,0.14993,0.20508,1.3041,0.072255,0.018745,0.018745,0.024245,0.63158,1,0.11728
-5.2317,0.34993,2.959,1.3493,0.97668,0.019555,0.019555,0.020534,0.75016,1,0.098765
-5.2317,0.34993,6.1452,1.1202,0.016204,0.020408,0.020408,0.025834,0.24984,1,0.098765
-5.2317,0.54993,3.2709,1.3045,0.12757,-0.022433,-0.022433,0.012994,0.5,1,0.074074
-5.2317,0.54993,6.2799,1.1175,0.24356,0.025728,0.025728,0.020754,0.5,1,0.074074
-5.2317,0.74993,0.045368,1.3792,0.098261,-0.0084765,-0.0084765,0.0053251,0.42856,1,0.12963
-5.2317,0.74993,3.4748,1.3341,0.61275,-0.091856,-0.091856,0.031902,0.57144,1,0.12963
-5.2317,0.94993,6.2099,1.1014,0.13059,-0.0063335,-0.0063335,0.20907,0.55882,1,0.20988
-5.2317,0.94993,3.2295,1.4332,0.17377,-0.01273,-0.01273,0.022361,0.44118,1,0.20988
-5.2317,1.1499,3.223,1.3117,0.094773,-0.0099032,-0.0099032,0.060051,0.56522,1,0.14198
-5.2317,1.1499,6.2647,1.052,0.15812,-0.032928,-0.032928,0.17078,0.43478,1,0.14198
-5.2317,1.3499,3.2184,1.2875,0.098335,-0.01872,-0.01872,0.041887,0.63636,1,0.1358
-5.2317,1.3499,6.1924,1.2235,0.079989,0.020422,0.020422,0.072155,0.36364,1,0.1358
-5.2317,1.5499,3.1312,1.2419,5.1405,-0.41643,-0.41643,0.052169,1,1,0.17284
-5.2317,1.7499,6.1997,1.2041,0.12615,0.053602,0.053602,0.080945,0.46667,1,0.18519
-5.2317,1.7499,3.0516,1.2655,0.12381,0.019379,0.019379,0.054165,0.53333,1,0.18519
-5.2317,1.9499,6.2405,1.1116,0.097823,0.041015,0.041015,0.091655,0.41176,1,0.10494
-5.2317,1.9499,3.2072,1.2433,0.14829,0.038492,0.038492,0.10355,0.58824,1,0.10494
-5.2317,2.1499,3.4838,1.2961,0.018472,-0.027999,-0.027999,0.055483,0.45455,1,0.067901
-5.2317,2.3499,6.0904,1.0408,0.061842,0.0091732,0.0091732,0.024298,0.91667,1,0.074074
-5.2317,2.5499,6.0834,0.97702,0.060835,0.022646,0.022646,0.042658,0.66667,1,0.092593
-5.2317,2.5499,3.0126,1.2178,0.00033672,0.0025299,0.0025299,0.019008,0.13333,1,0.092593
-5.2317,2.7499,2.924,0.93632,0.016276,0.0026705,0.0026705,0.049645,0.57143,1,0.04321
-5.0317,-3.0501,0.075796,0.92516,0.043517,-0.028822,-0.028822,0.069844,0.83333,1,0.037037
-5.0317,-2.4501,3.3975,1.1523,0.035538,-0.018463,-0.018463,0.0096823,0.375,1,0.049383
-5.0317,-2.2501,6.2246,1.2706,0.049736,-0.0011008,-0.0011008,0.00040901,0.54545,1,0.067901
-5.0317,-2.0501,6.2828,1.2265,0.011252,0.0069734,0.0069734,0.0043217,0.28571,1,0.04321
-5.0317,-0.65007,1.9624,1.2755,1.3269,-0.022526,-0.022526,0.0014659,0.71429,1,0.04321
-5.0317,-0.45007,0.58072,1.1443,0.064721,-0.016748,-0.016748,0.030445,0.5625,1,0.098765
-5.0317,-0.45007,3.5244,1.2391,0.067781,-0.003041,-0.003041,0.00032255,0.375,1,0.098765
-5.0317,-0.25007,0.55702,1.2523,0.1077,0.01754,0.01754,0.054653,0.6,1,0.12346
-5.0317,-0.25007,3.5772,1.2955,0.088962,-0.0040193,-0.0040193,0.0058071,0.4,1,0.12346
-5.0317,-0.05007,3.4705,1.3613,0.15949,-0.012459,-0.012459,0.0074938,0.4,1,0.18519
-5.0317,-0.05007,0.28579,1.282,0.1181,0.003368,0.003368,0.0616,0.6,1,0.18519
-5.0317,0.14993,3.4333,1.3793,0.11234,-0.023755,-0.023755,0.040983,0.57143,1,0.17284
-5.0317,0.14993,0.14024,1.2574,0.050764,0.00033413,0.00033413,0.02949,0.42857,1,0.17284
-5.0317,0.34993,6.183,1.1839,0.59088,0.10507,0.10507,0.040838,0.56531,1,0.14198
-5.0317,0.34993,3.2324,1.431,0.059551,-0.0039409,-0.0039409,0.018682,0.43469,1,0.14198
-5.0317,0.54993,0.14819,1.2682,0.22542,0.050787,0.050787,0.048867,0.52381,1,0.12963
-5.0317,0.54993,3.2918,1.3318,0.12249,0.011253,0.011253,0.026698,0.47619,1,0.12963
-5.0317,0.74993,5.9709,1.3222,7.3395,-0.42443,-0.42443,0.036185,1,1,0.14815
-5.0317,0.94993,3.29,1.4155,0.20211,-0.016011,-0.016011,0.030181,0.55556,1,0.16667
-5.0317,0.94993,0.13272,1.3693,0.17311,-0.033015,-0.033015,0.012568,0.37037,1,0.16667
-5.0317,1.1499,3.32,1.3782,0.17142,-0.045497,-0.045497,0.033849,0.40001,1,0.12346
-5.0317,1.1499,0.091398,1.0724,0.19267,0.027775,0.027775,0.17662,0.59999,1,0.12346
-5.0317,1.3499,0.025597,1.5019,0.0022782,0.0024849,0.0024849,0.0036339,0.17932,1,0.1358
-5.0317,1.3499,3.327,1.3074,0.11393,-0.042477,-0.042477,0.047906,0.36364,1,0.1358
-5.0317,1.3499,6.1685,1.127,0.21189,0.0034271,0.0034271,0.028076,0.45705,1,0.1358
-5.0317,1.5499,3.6507,1.1587,1.882,-0.15771,-0.15771,0.03848,0.8079,1,0.18519
-5.0317,1.5499,0.050779,1.4002,0.0012434,0.00083256,0.00083256,0.055371,0.1921,1,0.18519
-5.0317,1.7499,3.1201,1.2271,0.12276,-0.0075542,-0.0075542,0.028534,0.8,1,0.12346
-5.0317,1.9499,6.0997,1.1901,0.031741,0.021447,0.021447,0.014491,0.2,1,0.061728
-5.0317,1.9499,3.7043,1.2655,2.0138,-0.086932,-0.086932,0.085077,0.8,1,0.061728
-5.0317,2.1499,6.0443,1.1454,0.080204,-0.010785,-0.010785,0.0087955,0.5,1,0.049383
-5.0317,2.3499,6.0508,1.0787,0.046416,0.01597,0.01597,0.01981,0.75,1,0.074074
-5.0317,2.5499,6.0829,1.0665,0.084746,0.015058,0.015058,0.026612,0.58333,1,0.074074
-5.0317,2.5499,3.0347,1.2463,0.00085753,-0.0022391,-0.0022391,0.010858,0.25,1,0.074074
-4.8317,-3.0501,0.14398,0.97529,0.0057292,-0.0088464,-0.0088464,0.01428,0.66667,1,0.037037
-4.8317,-2.4501,2.067,1.1758,2.1144,0.022008,0.022008,0.072735,1,1,0.067901
-4.8317,-2.2501,0.1112,1.1487,0.11488,-0.047008,-0.047008,0.043778,0.6875,1,0.098765
-4.8317,-2.2501,3.174,1.4192,0.0092086,0.0040703,0.0040703,0.0029723,0.1875,1,0.098765
-4.8317,-2.0501,3.0803,1.3016,0.023747,0.017825,0.017825,0.022811,0.45455,1,0.067901
-4.8317,-2.0501,6.1911,1.2088,0.027565,0.012937,0.012937,0.0069967,0.36364,1,0.067901
-4.8317,-1.8501,3.0435,1.1415,0.029945,0.0014935,0.0014935,0.00097783,0.75,1,0.024691
-4.8317,-0.65007,3.068,1.1807,11.907,-0.34492,-0.34492,0.010617,1,1,0.037037
-4.8317,-0.45007,3.3949,1.2205,0.0029184,0.00044316,0.00044316,0.001968,0.21429,1,0.08642
-4.8317,-0.45007,0.21969,1.2123,0.044139,-0.0017888,-0.0017888,0.0014059,0.57143,1,0.08642
-4.8317,-0.25007,1.213,1.2292,2.7295,0.050445,0.050445,0.030012,1,1,0.1358
-4.8317,-0.05007,0.2816,1.23,0.10928,-0.015769,-0.015769,0.051455,0.58065,1,0.19136
-4.8317,-0.05007,3.4955,1.3257,0.11668,-0.0091448,-0.0091448,0.0089227,0.41935,1,0.19136
-4.8317,0.14993,3.4536,1.3456,0.11122,-0.0325,-0.0325,0.037406,0.53846,1,0.16049
-4.8317,0.14993,0.1203,1.1817,0.11921,-0.023319,-0.023319,0.052638,0.46154,1,0.16049
-4.8317,0.34993,0.034097,1.1291,0.18505,-0.00069819,-0.00069819,0.028499,0.42105,1,0.11728
-4.8317,0.34993,3.4029,1.3983,0.17818,-0.040782,-0.040782,0.049308,0.57895,1,0.11728
-4.8317,0.54993,0.16236,1.3265,0.12187,0.04564,0.04564,0.035266,0.33333,1,0.14815
-4.8317,0.54993,3.3739,1.3449,0.18129,-0.002133,-0.002133,0.045884,0.66667,1,0.14815
-4.8317,0.74993,6.1931,1.3543,0.14568,-0.03279,-0.03279,0.019992,0.49941,1,0.1358
-4.8317,0.74993,3.4796,1.3204,0.65681,-0.063421,-0.063421,0.032689,0.50059,1,0.1358
-4.8317,0.94993,5.3719,1.3135,2.4512,0.011731,0.011731,0.022935,0.83193,1,0.10494
-4.8317,0.94993,2.5717,1.2775,0.0053455,-0.0011929,-0.0011929,0.0022786,0.16807,1,0.10494
-4.8317,1.1499,3.3748,1.2451,1.5701,0.039583,0.039583,0.014613,0.69498,1,0.11728
-4.8317,1.1499,0.26776,1.3096,0.043845,0.013867,0.013867,0.0078477,0.30502,1,0.11728
-4.8317,1.3499,3.527,1.2349,1.7621,0.11999,0.11999,0.047984,0.85052,1,0.12346
-4.8317,1.3499,0.47165,1.378,0.0017393,0.0011124,0.0011124,0.001224,0.14948,1,0.12346
-4.8317,1.5499,3.1292,1.2336,0.15253,0.0051638,0.0051638,0.012487,0.64,1,0.15432
-4.8317,1.5499,6.1917,1.2589,0.071768,0.037768,0.037768,0.075295,0.36,1,0.15432
-4.8317,1.7499,3.1511,1.2479,0.16778,0.016607,0.016607,0.0086133,0.45,1,0.12346
-4.8317,1.7499,6.1971,1.1903,0.052983,0.0015025,0.0015025,0.043901,0.55,1,0.12346
-4.8317,1.9499,3.4519,1.3304,0.00023932,0.0015371,0.0015371,0.0098724,0.28571,1,0.04321
-4.8317,2.1499,3.0104,0.90773,0.10363,-0.014519,-0.014519,0.017684,0.57143,1,0.04321
-4.8317,2.3499,3.1525,1.0884,0.0064301,-0.0014149,-0.0014149,0.00031135,0.2,1,0.061728
-4.8317,2.5499,0.51176,1.1372,3.5378,-0.24041,-0.24041,0.028955,1,1,0.061728
-4.6317,-3.0501,0.086053,1.0853,0.0078707,-0.013632,-0.013632,0.024734,0.57143,1,0.04321
-4.6317,-2.8501,3.3363,1.3637,0.0063859,0.0011361,0.0011361,0.023786,0.57143,1,0.04321
-4.6317,-2.4501,2.4609,1.3061,2.147,-0.14112,-0.14112,0.083214,0.8,1,0.061728
-4.6317,-2.4501,0.10702,1.1521,0.045156,0.023543,0.023543,0.012274,0.2,1,0.061728
-4.6317,-2.2501,0.16002,1.1988,0.06904,-0.037114,-0.037114,0.040013,0.5,1,0.061728
-4.6317,-2.0501,3.0858,1.2775,0.023094,0.0051845,0.0051845,0.016283,0.58333,1,0.074074
-4.6317,-2.0501,0.042375,1.2564,0.009769,0.0054617,0.0054617,0.0075759,0.33333,1,0.074074
-4.6317,-0.65007,3.3554,1.1989,0.00057201,-0.00062625,-0.00062625,0.0008519,0.5,1,0.037037
-4.6317,-0.45007,0.19396,1.19,0.0011087,0.00012565,0.00012565,0.00068174,0.44444,1,0.055556
-4.6317,-0.25007,0.26493,1.1239,0.11109,0.0078695,0.0078695,0.013195,0.7,1,0.12346
-4.6317,-0.25007,3.3535,1.2983,0.014169,-0.0020886,-0.0020886,0.011891,0.3,1,0.12346
-4.6317,-0.05007,0.2765,1.2347,0.10454,-0.0059451,-0.0059451,0.045379,0.73333,1,0.18519
-4.6317,-0.05007,3.3729,1.3596,0.054774,-0.010504,-0.010504,0.0096399,0.26667,1,0.18519
-4.6317,0.14993,0.26547,1.2721,0.13017,0.003582,0.003582,0.051953,0.64286,1,0.17284
-4.6317,0.14993,3.5372,1.3775,0.10977,-0.0077211,-0.0077211,0.018729,0.35714,1,0.17284
-4.6317,0.34993,3.5645,1.3389,0.19063,0.0019997,0.0019997,0.054987,0.57143,1,0.12963
-4.6317,0.34993,0.2269,1.2597,0.17727,0.012511,0.012511,0.064907,0.42857,1,0.12963
-4.6317,0.54993,3.2328,1.328,1.1006,0.05424,0.05424,0.045168,0.79289,1,0.14815
-4.6317,0.54993,5.9564,1.4997,0.0020238,-0.0025672,-0.0025672,0.0091858,0.20711,1,0.14815
-4.6317,0.74993,6.2001,1.4392,0.16907,-0.022766,-0.022766,0.026858,0.59091,1,0.1358
-4.6317,0.74993,2.9874,1.3413,0.12075,-0.038751,-0.038751,0.053041,0.40909,1,0.1358
-4.6317,0.94993,3.1418,1.363,0.17379,-0.017837,-0.017837,0.02273,0.52174,1,0.14198
-4.6317,0.94993,0.10046,1.3674,0.16337,-0.016646,-0.016646,0.020843,0.47826,1,0.14198
-4.6317,1.1499,0.075927,1.3428,0.067433,-0.008501,-0.008501,0.016324,0.35,1,0.12346
-4.6317,1.1499,3.26,1.3108,0.16461,0.016892,0.016892,0.036522,0.65,1,0.12346
-4.6317,1.3499,3.2545,1.3504,0.16182,-0.013128,-0.013128,0.037867,0.68,1,0.15432
-4.6317,1.3499,0.17311,1.249,0.05176,-0.0054247,-0.0054247,0.029456,0.32,1,0.15432
-4.6317,1.5499,3.1449,1.3422,0.10863,-0.0079781,-0.0079781,0.025093,0.70588,1,0.20988
-4.6317,1.5499,0.09038,0.98357,0.0010208,-0.00074491,-0.00074491,0.00054359,0.058823,1,0.20988
-4.6317,1.5499,0.084144,1.3603,0.14354,0.015963,0.015963,0.091054,0.23529,1,0.20988
-4.6317,1.7499,3.44,1.2754,3.6492,-0.22452,-0.22452,0.033362,1,1,0.15432
-4.6317,1.9499,6.2011,1.2288,0.0077431,-0.0078263,-0.0078263,0.0079103,0.15385,1,0.080247
-4.6317,1.9499,3.5348,1.2627,0.013956,0.0033004,0.0033004,0.00083408,0.23077,1,0.080247
-4.6317,2.1499,5.9749,1.2716,3.1303,-0.28762,-0.28762,0.054824,1,1,0.080247
-4.6317,2.3499,6.1612,1.2162,0.023004,0.004502,0.004502,0.012425,0.53333,1,0.092593
-4.6317,2.5499,0.032515,1.2045,0.019099,-0.0032227,-0.0032227,0.013125,0.5,1,0.049383
-4.4317,-3.2501,3.3083,1.335,0.0059568,-0.011832,-0.011832,0.023504,0.5,1,0.024691
-4.4317,-3.0501,0.08416,1.1625,0.0060014,-0.0059366,-0.0059366,0.010886,0.5,1,0.037037
-4.4317,-2.8501,3.3138,1.5608,0.0043264,0.0022127,0.0022127,0.0011316,0.4,1,0.030864
-4.4317,-2.6501,3.047,1.2761,0.10289,-0.03891,-0.03891,0.014715,0.4,1,0.030864
-4.4317,-2.4501,6.2513,1.1683,0.025474,-0.0027687,-0.0027687,0.0093121,0.8,1,0.030864
-4.4317,-2.2501,0.057007,1.1618,0.034678,-0.01069,-0.01069,0.016789,0.5,1,0.098765
-4.4317,-2.2501,3.0183,1.2907,0.013286,0.0034787,0.0034787,0.00091083,0.125,1,0.098765
-4.4317,-2.0501,0.041898,1.2283,0.0097366,0.0044668,0.0044668,0.0024491,0.36364,1,0.067901
-4.4317,-2.0501,3.1534,1.2023,0.02559,-0.014678,-0.014678,0.01397,0.54545,1,0.067901
-4.4317,-0.25007,3.1449,1.2975,0.03082,-0.0082326,-0.0082326,0.01277,0.46667,1,0.092593
-4.4317,-0.25007,0.11757,1.1022,0.098996,0.0032887,0.0032887,0.019164,0.53333,1,0.092593
-4.4317,-0.05007,3.1925,1.3505,0.053986,-0.0036154,-0.0036154,0.015274,0.48148,1,0.16667
-4.4317,-0.05007,0.24552,1.1887,0.1109,0.012977,0.012977,0.052229,0.51852,1,0.16667
-4.4317,0.14993,0.21183,1.2205,0.11824,0.0072664,0.0072664,0.033394,0.64706,1,0.20988
-4.4317,0.14993,3.2846,1.433,0.10035,-0.024852,-0.024852,0.016951,0.35294,1,0.20988
-4.4317,0.34993,0.043356,1.1628,0.10599,-0.023396,-0.023396,0.018339,0.5,1,0.1358
-4.4317,0.34993,3.3277,1.3806,0.11181,-0.011683,-0.011683,0.030285,0.5,1,0.1358
-4.4317,0.54993,3.1799,1.3326,0.228,0.022035,0.022035,0.024284,0.54545,1,0.1358
-4.4317,0.54993,0.053614,1.2784,0.1466,-0.044421,-0.044421,0.039674,0.45455,1,0.1358
-4.4317,0.74993,6.2599,1.413,0.1947,0.0017292,0.0017292,0.02799,0.48,1,0.15432
-4.4317,0.74993,3.1226,1.3389,0.27328,-0.014066,-0.014066,0.043232,0.52,1,0.15432
-4.4317,0.94993,6.2249,1.3866,0.21571,0.018094,0.018094,0.03436,0.375,1,0.14815
-4.4317,0.94993,3.3031,1.3157,0.19305,-0.006617,-0.006617,0.050743,0.625,1,0.14815
-4.4317,1.1499,0.53036,1.3014,4.2389,-0.30392,-0.30392,0.034888,1,1,0.11111
-4.4317,1.3499,3.2473,1.3569,0.17819,-0.00039854,-0.00039854,0.040653,0.6,1,0.12346
-4.4317,1.3499,6.264,1.3783,0.10758,0.012147,0.012147,0.018189,0.4,1,0.12346
-4.4317,1.5499,6.0733,1.26,0.00073062,-0.0012169,-0.0012169,0.0020268,0.083333,1,0.14815
-4.4317,1.5499,3.3363,1.2975,4.1434,0.35054,0.35054,0.046478,0.91667,1,0.14815
-4.4317,1.7499,3.3841,1.3664,0.059676,-0.0070015,-0.0070015,0.0030389,0.4,1,0.092593
-4.4317,1.9499,3.4289,1.2534,0.095822,0.03721,0.03721,0.029951,0.6,1,0.061728
-4.4317,2.1499,3.2212,1.3235,0.10402,0.040032,0.040032,0.06377,0.77778,1,0.055556
-4.4317,2.3499,6.1027,1.243,0.034621,0.0058623,0.0058623,0.011086,0.5,1,0.049383
-4.2317,-3.0501,0.00032714,1.0491,0.020777,0.019542,0.019542,0.048644,0.875,1,0.049383
-4.2317,-2.8501,2.9754,1.3337,0.078843,-0.03419,-0.03419,0.01645,0.375,1,0.049383
-4.2317,-2.6501,3.1007,1.3324,0.10983,0.032449,0.032449,0.045202,1,1,0.04321
-4.2317,-2.4501,3.3635,1.3729,0.0048398,0.005508,0.005508,0.057565,0.5,1,0.049383
-4.2317,-2.2501,3.2942,1.1747,0.010303,0.0070929,0.0070929,0.019845,0.6,1,0.061728
-4.2317,-2.0501,3.2444,1.226,0.024335,0.0058374,0.0058374,0.025003,0.72727,1,0.067901
-4.2317,-0.65007,3.2703,1.1957,0.014564,-0.002086,-0.002086,0.00029877,0.5,1,0.024691
-4.2317,-0.45007,0.1532,1.1949,0.039485,-0.0017462,-0.0017462,0.0020847,0.72727,1,0.067901
-4.2317,-0.25007,0.075294,1.1827,0.046171,-0.00078008,-0.00078008,0.042648,0.71429,1,0.08642
-4.2317,-0.25007,3.2675,1.2027,0.0027311,-0.00028439,-0.00028439,0.0015094,0.28571,1,0.08642
-4.2317,-0.05007,0.093722,1.2227,0.10163,-0.010419,-0.010419,0.051373,0.58333,1,0.14815
-4.2317,-0.05007,3.1225,1.3743,0.054854,0.00049905,0.00049905,0.013074,0.41667,1,0.14815
-4.2317,0.14993,3.112,1.4789,0.086567,-0.0083948,-0.0083948,0.0064726,0.33333,1,0.14815
-4.2317,0.14993,0.36354,1.1905,0.39944,0.0039603,0.0039603,0.026971,0.66667,1,0.14815
-4.2317,0.34993,0.16231,1.2656,0.16915,0.0093853,0.0093853,0.031027,0.5,1,0.14815
-4.2317,0.34993,3.0569,1.361,0.16732,-0.012898,-0.012898,0.021349,0.5,1,0.14815
-4.2317,0.54993,0.029178,1.3029,0.21896,-0.039955,-0.039955,0.034386,0.55,1,0.12346
-4.2317,0.54993,3.3355,1.3319,0.18571,0.0074947,0.0074947,0.017628,0.45,1,0.12346
-4.2317,0.74993,2.9555,1.4152,1.1384,-0.13001,-0.13001,0.052648,0.71545,1,0.12963
-4.2317,0.74993,0.17792,1.146,0.097579,-0.036771,-0.036771,0.021845,0.28455,1,0.12963
-4.2317,0.94993,0.33057,1.3467,0.0030787,0.0097345,0.0097345,0.048984,0.21643,1,0.14198
-4.2317,0.94993,3.286,1.3814,1.0271,-0.046727,-0.046727,0.055973,0.78357,1,0.14198
-4.2317,1.1499,0.29708,1.3879,0.0017416,-0.0012287,-0.0012287,0.0032629,0.22222,1,0.11111
-4.2317,1.1499,3.182,1.2983,0.14788,0.029274,0.029274,0.032464,0.66667,1,0.11111
-4.2317,1.3499,3.1533,1.3137,0.15975,0.019129,0.019129,0.01192,0.61111,1,0.11111
-4.2317,1.3499,0.035796,1.3224,0.12239,0.0033086,0.0033086,0.0063328,0.38889,1,0.11111
-4.2317,1.5499,3.2829,1.2852,4.6427,0.34552,0.34552,0.039092,1,1,0.17284
-4.2317,1.7499,3.436,1.2743,4.723,0.32875,0.32875,0.033754,1,1,0.15432
-4.2317,1.9499,6.1728,1.3113,0.00071289,-0.0017575,-0.0017575,0.0043329,0.13333,1,0.092593
-4.2317,1.9499,4.6294,1.2811,5.4947,0.28488,0.28488,0.019498,0.86667,1,0.092593
-4.2317,2.1499,4.0942,1.2538,3.8564,0.1967,0.1967,0.027219,1,1,0.092593
-4.2317,2.3499,0.036127,1.3483,0.023224,0.011419,0.011419,0.013367,0.75,1,0.049383
-4.0317,-2.8501,3.2199,1.5637,0.051204,0.014402,0.014402,0.0049361,0.57143,1,0.04321
-4.0317,-2.6501,3.0487,1.307,0.12621,0.052849,0.052849,0.042858,0.66667,1,0.037037
-4.0317,-2.4501,6.2219,1.2718,0.0013917,-0.0040026,-0.0040026,0.017688,0.5,1,0.037037
-4.0317,-2.2501,3.3136,1.2882,0.01932,0.0037492,0.0037492,0.019261,0.53846,1,0.080247
-4.0317,-2.2501,0.019155,1.2776,0.018814,-0.0017029,-0.0017029,0.012216,0.46154,1,0.080247
-4.0317,-2.0501,0.18447,1.2184,0.034758,-0.024347,-0.024347,0.029476,0.42857,1,0.08642
-4.0317,-2.0501,3.3321,1.2811,0.018813,0.00038175,0.00038175,0.026573,0.57143,1,0.08642
-4.0317,-0.25007,0.12747,1.1163,0.0088868,0.009978,0.009978,0.011203,0.13333,1,0.092593
-4.0317,-0.05007,3.1429,1.3368,0.0029884,-0.0032793,-0.0032793,0.019323,0.26923,1,0.16049
-4.0317,-0.05007,6.2344,1.226,0.07257,0.0064517,0.0064517,0.065355,0.73077,1,0.16049
-4.0317,0.14993,6.2601,1.2557,0.4501,-0.021223,-0.021223,0.034007,0.84008,1,0.15432
-4.0317,0.14993,2.6432,1.3481,0.055712,0.02505,0.02505,0.013192,0.15992,1,0.15432
-4.0317,0.34993,0.044703,1.3083,0.18609,-0.00448,-0.00448,0.03032,0.63152,1,0.23457
-4.0317,0.34993,2.9708,1.3365,0.3177,-0.00065791,-0.00065791,0.019352,0.36848,1,0.23457
-4.0317,0.54993,3.183,1.3336,0.23231,-0.013945,-0.013945,0.016497,0.46667,1,0.18519
-4.0317,0.54993,6.0352,1.4626,0.15558,-0.015957,-0.015957,0.031071,0.53333,1,0.18519
-4.0317,0.74993,4.0669,1.3506,6.2999,-0.50547,-0.50547,0.058858,1,1,0.092593
-4.0317,0.94993,0.35986,1.339,0.080713,0.064194,0.064194,0.066301,0.31576,1,0.1358
-4.0317,0.94993,3.7393,1.3348,1.0459,0.11586,0.11586,0.089883,0.68424,1,0.1358
-4.0317,1.1499,0.23017,1.3026,0.048281,0.025212,0.025212,0.020216,0.39998,1,0.18519
-4.0317,1.1499,3.4986,1.3715,0.82244,0.13612,0.13612,0.043593,0.60002,1,0.18519
-4.0317,1.3499,0.094856,1.2894,0.091075,0.022214,0.022214,0.012857,0.41667,1,0.14815
-4.0317,1.3499,3.1414,1.3528,0.1869,0.040619,0.040619,0.030635,0.58333,1,0.14815
-4.0317,1.5499,6.2689,1.3065,0.15306,0.032118,0.032118,0.058281,0.43478,1,0.14198
-4.0317,1.5499,3.3443,1.4304,0.049117,0.0004862,0.0004862,0.014561,0.56522,1,0.14198
-4.0317,1.7499,3.3755,1.3642,0.058193,-0.013464,-0.013464,0.021952,0.5,1,0.17284
-4.0317,1.7499,0.073854,1.3215,0.10942,-0.0035812,-0.0035812,0.042748,0.5,1,0.17284
-4.0317,1.9499,4.3293,1.2982,4.0524,-0.07675,-0.07675,0.038422,1,1,0.12346
-4.0317,2.1499,3.2301,1.2855,0.10269,0.0098437,0.0098437,0.029812,0.5625,1,0.098765
-4.0317,2.1499,0.052934,1.4033,0.030825,0.011715,0.011715,0.018984,0.4375,1,0.098765
-4.0317,2.3499,3.1427,1.2894,0.046208,-0.0040742,-0.0040742,0.02209,0.5625,1,0.098765
-4.0317,2.3499,0.026319,1.354,0.02146,0.0093293,0.0093293,0.011311,0.4375,1,0.098765
-4.0317,2.5499,3.0715,1.2876,0.026979,-0.0027598,-0.0027598,0.031243,0.85714,1,0.04321
-3.8317,-3.4501,0.07004,1.2566,0.043131,0.0084505,0.0084505,0.0016557,0.5,1,0.024691
-3.8317,-3.2501,0.016917,1.1413,0.034398,0.017885,0.017885,0.027697,0.6,1,0.030864
-3.8317,-3.0501,0.055767,1.0992,0.010612,0.013271,0.013271,0.019696,0.5,1,0.037037
-3.8317,-2.6501,3.4008,1.403,0.0026124,-0.0065694,-0.0065694,0.031894,0.57143,1,0.04321
-3.8317,-2.4501,3.3703,1.4111,0.00020472,-0.0016779,-0.0016779,0.018537,0.5,1,0.037037
-3.8317,-2.2501,3.2869,1.2999,0.0019902,0.00052769,0.00052769,0.0030219,0.6,1,0.061728
-3.8317,-2.0501,3.3658,1.2922,0.012147,0.00032392,0.00032392,0.015405,0.71429,1,0.08642
-3.8317,-0.45007,3.1961,1.1822,0.0083297,-0.0065234,-0.0065234,0.0051405,0.33333,1,0.055556
-3.8317,-0.25007,0.08207,1.1435,0.032366,-0.0018121,-0.0018121,0.014419,0.6,1,0.092593
-3.8317,-0.25007,2.9523,1.2331,0.11184,-0.010107,-0.010107,0.0067656,0.4,1,0.092593
-3.8317,-0.05007,2.9853,1.3275,0.059086,-0.00085703,-0.00085703,0.010174,0.5,1,0.17284
-3.8317,-0.05007,6.238,1.2398,0.080519,0.0074898,0.0074898,0.046092,0.5,1,0.17284
-3.8317,0.14993,6.1868,1.2497,0.17887,0.0072715,0.0072715,0.03733,0.68,1,0.15432
-3.8317,0.14993,2.8461,1.3203,0.074881,0.027917,0.027917,0.021496,0.32,1,0.15432
-3.8317,0.34993,0.0079227,1.2658,0.2095,-0.021671,-0.021671,0.026795,0.72413,1,0.17901
-3.8317,0.34993,2.891,1.3197,0.27641,0.016454,0.016454,0.015843,0.27587,1,0.17901
-3.8317,0.54993,6.0936,1.3937,0.18962,-0.019189,-0.019189,0.028351,0.62499,1,0.14815
-3.8317,0.54993,3.1834,1.4118,0.25411,-0.017492,-0.017492,0.018493,0.37501,1,0.14815
-3.8317,0.74993,3.0417,1.3148,3.6427,0.20845,0.20845,0.050073,1,1,0.1358
-3.8317,0.94993,0.2911,1.2235,0.065236,0.024821,0.024821,0.037001,0.41585,1,0.11728
-3.8317,0.94993,3.9058,1.3601,1.3111,0.15072,0.15072,0.051414,0.58415,1,0.11728
-3.8317,1.1499,0.18747,1.3526,0.13556,0.048957,0.048957,0.038174,0.38095,1,0.12963
-3.8317,1.1499,3.3105,1.3119,0.21416,0.031779,0.031779,0.039387,0.61905,1,0.12963
-3.8317,1.3499,3.3361,1.3653,0.04885,0.016441,0.016441,0.031564,0.69565,1,0.14198
-3.8317,1.3499,0.16675,1.3247,0.019774,-0.0002786,-0.0002786,0.0010809,0.21739,1,0.14198
-3.8317,1.5499,0.0094322,1.3583,0.11525,0.0052652,0.0052652,0.062766,0.40909,1,0.1358
-3.8317,1.5499,3.2506,1.3565,0.038833,0.01275,0.01275,0.028053,0.59091,1,0.1358
-3.8317,1.7499,6.2755,1.3017,0.14525,-0.0079615,-0.0079615,0.039529,0.47826,1,0.14198
-3.8317,1.7499,3.1343,1.3641,0.063641,0.010429,0.010429,0.02888,0.52174,1,0.14198
-3.8317,1.9499,2.7512,1.3326,7.9594,-0.55253,-0.55253,0.049981,1,1,0.10494
-3.8317,2.1499,3.3133,1.2951,0.076776,-0.010275,-0.010275,0.029472,1,1,0.049383
-3.6317,-3.0501,3.0685,1.3711,0.091192,-0.010135,-0.010135,0.0011493,0.42857,1,0.04321
-3.6317,-2.8501,0.20077,1.2939,0.0036975,0.0026053,0.0026053,0.01161,0.57143,1,0.04321
-3.6317,-2.0501,3.3907,1.3856,0.011695,0.0080811,0.0080811,0.016431,0.72727,1,0.067901
-3.6317,-1.8501,3.4906,1.3873,0.0032395,0.0013752,0.0013752,0.02825,0.71429,1,0.04321
-3.6317,-0.45007,6.1766,1.1756,0.0099367,-0.0030959,-0.0030959,0.007355,0.6,1,0.061728
-3.6317,-0.25007,6.159,1.2086,0.079195,0.0084015,0.0084015,0.038666,0.80952,1,0.12963
-3.6317,-0.25007,2.8683,1.1529,0.22187,-0.013899,-0.013899,0.013197,0.19048,1,0.12963
-3.6317,-0.05007,2.843,1.3276,0.10301,0.011238,0.011238,0.013132,0.48387,1,0.19136
-3.6317,-0.05007,6.101,1.206,0.093532,0.014277,0.014277,0.030479,0.51613,1,0.19136
-3.6317,0.14993,3.0151,1.516,0.0096022,-0.0028616,-0.0028616,0.0015032,0.22222,1,0.11111
-3.6317,0.14993,5.9038,1.3178,0.075139,0.005255,0.005255,0.028046,0.55556,1,0.11111
-3.6317,0.34993,2.8539,1.3703,0.24758,0.018388,0.018388,0.03301,0.47059,1,0.10494
-3.6317,0.34993,0.021721,1.2546,0.34355,-0.086469,-0.086469,0.049714,0.52941,1,0.10494
-3.6317,0.54993,0.14944,1.2926,0.28054,-0.063385,-0.063385,0.041185,0.63158,1,0.11728
-3.6317,0.54993,3.0671,1.3473,0.17948,-0.031796,-0.031796,0.041856,0.36842,1,0.11728
-3.6317,0.74993,3.4232,1.3283,2.9157,0.13107,0.13107,0.034803,1,1,0.092593
-3.6317,0.94993,0.29673,1.0851,0.11304,0.032618,0.032618,0.0095723,0.26664,1,0.092593
-3.6317,0.94993,3.4729,1.3468,0.56578,-0.0091479,-0.0091479,0.029568,0.73336,1,0.092593
-3.6317,1.1499,3.3844,1.3573,4.9184,-0.22563,-0.22563,0.041894,1,1,0.11111
-3.6317,1.3499,0.1977,1.3546,0.12594,0.019537,0.019537,0.048911,0.41667,1,0.14815
-3.6317,1.3499,3.4203,1.3332,0.055826,0.0043692,0.0043692,0.032192,0.58333,1,0.14815
-3.6317,1.5499,3.2928,1.3035,0.075766,0.019469,0.019469,0.020247,0.54167,1,0.14815
-3.6317,1.5499,6.2697,1.3223,0.11362,0.016047,0.016047,0.045075,0.45833,1,0.14815
-3.6317,1.7499,0.077015,1.3918,0.042338,0.0076337,0.0076337,0.040533,0.59091,1,0.1358
-3.6317,1.7499,3.2095,1.2649,0.11136,0.013553,0.013553,0.010657,0.40909,1,0.1358
-3.6317,1.9499,4.2272,1.2891,3.7153,0.18281,0.18281,0.017088,1,1,0.12963
-3.6317,2.1499,3.2477,1.2433,0.092715,-0.00012171,-0.00012171,0.012484,0.5625,1,0.098765
-3.6317,2.1499,0.20974,1.2614,0.059094,-0.035325,-0.035325,0.036244,0.4375,1,0.098765
-3.6317,2.3499,0.12333,1.3116,0.061418,-0.022522,-0.022522,0.025811,0.4375,1,0.098765
-3.6317,2.3499,3.1457,1.2601,0.07134,-0.0041464,-0.0041464,0.013368,0.5625,1,0.098765
-3.6317,2.5499,0.05395,1.4207,0.0019753,7.2042e-05,7.2042e-05,0.0079953,0.57143,1,0.04321
-3.4317,-3.2501,3.5256,1.3921,0.00017596,0.0011315,0.0011315,0.0072761,0.33333,1,0.037037
-3.4317,-3.0501,3.5424,1.4795,0.001872,0.0055533,0.0055533,0.01651,0.375,1,0.049383
-3.4317,-2.4501,0.13646,1.5704,0.011874,0.0067886,0.0067886,0.019799,0.57143,1,0.04321
-3.4317,-2.2501,3.4583,1.4299,0.018859,0.01037,0.01037,0.01446,0.57143,1,0.04321
-3.4317,-2.0501,3.4705,1.339,0.012672,0.0051811,0.0051811,0.011339,0.61538,1,0.080247
-3.4317,-2.0501,0.18725,1.3065,0.010149,0.00025657,0.00025657,0.00239,0.38462,1,0.080247
-3.4317,-0.65007,5.8819,1.1694,4.4096,0.22724,0.22724,0.015246,1,1,0.024691
-3.4317,-0.45007,2.5521,1.2838,0.11548,0.0035018,0.0035018,0.00083424,0.30691,1,0.080247
-3.4317,-0.45007,5.7656,1.1185,0.74186,0.023725,0.023725,0.012226,0.69309,1,0.080247
-3.4317,-0.25007,5.9324,1.2375,0.12261,0.0045652,0.0045652,0.052317,0.56522,1,0.14198
-3.4317,-0.25007,2.9653,1.264,0.095706,-0.0010397,-0.0010397,0.018578,0.43478,1,0.14198
-3.4317,-0.05007,6.045,1.3347,0.10565,-0.0016591,-0.0016591,0.045406,0.53125,1,0.19753
-3.4317,-0.05007,2.9076,1.3018,0.075793,0.011678,0.011678,0.021902,0.46875,1,0.19753
-3.4317,0.14993,6.0712,1.3513,0.056285,-0.018038,-0.018038,0.022841,0.61905,1,0.12963
-3.4317,0.14993,2.7391,1.3994,0.078055,-0.00075731,-0.00075731,0.032888,0.38095,1,0.12963
-3.4317,0.34993,2.61,1.4221,0.10698,0.016056,0.016056,0.018822,0.27273,1,0.1358
-3.4317,0.34993,6.1617,1.3921,0.14438,-0.061385,-0.061385,0.046265,0.72727,1,0.1358
-3.4317,0.54993,0.36927,1.3018,0.67247,-0.077997,-0.077997,0.038488,0.79174,1,0.14815
-3.4317,0.54993,2.9442,1.3513,0.0432,-0.0094755,-0.0094755,0.0025981,0.20826,1,0.14815
-3.4317,0.74993,0.22619,1.2446,0.16075,-0.035626,-0.035626,0.0518,0.72727,1,0.1358
-3.4317,0.74993,3.0531,1.2137,0.12359,0.035203,0.035203,0.038204,0.27273,1,0.1358
-3.4317,0.94993,5.8585,1.2739,2.8909,-0.28479,-0.28479,0.048489,1,1,0.074074
-3.4317,1.1499,0.49162,1.3916,0.021468,0.013786,0.013786,0.03404,0.5,1,0.11111
-3.4317,1.1499,3.4541,1.2421,0.058341,-0.01623,-0.01623,0.018625,0.44444,1,0.11111
-3.4317,1.3499,0.24445,1.3516,0.11532,0.041701,0.041701,0.039229,0.46429,1,0.17284
-3.4317,1.3499,3.3595,1.3398,0.11792,0.022774,0.022774,0.027002,0.53571,1,0.17284
-3.4317,1.5499,0.013573,1.2911,0.09036,0.03213,0.03213,0.037941,0.375,1,0.14815
-3.4317,1.5499,3.3295,1.3878,0.11859,0.019887,0.019887,0.026365,0.625,1,0.14815
-3.4317,1.7499,3.3092,1.342,0.027442,0.005247,0.005247,0.01781,0.5,1,0.12346
-3.4317,1.7499,0.11416,1.3249,0.067669,0.021625,0.021625,0.031012,0.5,1,0.12346
-3.4317,1.9499,0.1928,1.4178,0.049396,-0.0068767,-0.0068767,0.035189,0.47619,1,0.12963
-3.4317,1.9499,3.2518,1.3163,0.031598,0.0071368,0.0071368,0.014213,0.52381,1,0.12963
-3.4317,2.1499,3.2375,1.4075,0.061193,-0.0078511,-0.0078511,0.020867,0.61538,1,0.080247
-3.4317,2.1499,6.1205,1.3276,0.00718,0.0044117,0.0044117,0.0027108,0.15385,1,0.080247
-3.4317,2.3499,3.1893,1.2927,0.088165,-0.017935,-0.017935,0.025622,0.6,1,0.092593
-3.4317,2.3499,0.12237,1.3376,0.070799,-0.019782,-0.019782,0.023941,0.4,1,0.092593
-3.2317,-3.2501,3.4944,1.3389,0.0019776,0.0061595,0.0061595,0.019185,0.33333,1,0.037037
-3.2317,-3.0501,3.2644,1.2957,0.075672,0.027338,0.027338,0.049974,0.88889,1,0.055556
-3.2317,-2.2501,3.3966,1.4143,0.019811,0.00063771,0.00063771,0.0097273,0.625,1,0.049383
-3.2317,-2.0501,3.4364,1.3929,0.023248,0.0027261,0.0027261,0.0030518,0.75,1,0.049383
-3.2317,-1.8501,0.26489,1.3136,0.00096007,0.001583,0.001583,0.0026102,0.22222,1,0.055556
-3.2317,-0.65007,4.8012,1.2148,2.4105,0.045998,0.045998,0.024455,1,1,0.055556
-3.2317,-0.45007,2.0213,1.2352,3.2258,0.23413,0.23413,0.029953,0.73966,1,0.092593
-3.2317,-0.45007,6.188,1.2666,0.034134,-0.011539,-0.011539,0.0042716,0.26034,1,0.092593
-3.2317,-0.25007,6.0362,1.2085,0.070332,0.0046814,0.0046814,0.024405,0.47619,1,0.12963
-3.2317,-0.25007,2.7471,1.3348,0.13626,-0.00019969,-0.00019969,0.015219,0.52381,1,0.12963
-3.2317,-0.05007,2.957,1.3337,0.029026,0.023714,0.023714,0.031117,0.40705,1,0.16667
-3.2317,-0.05007,0.082391,1.3556,0.70621,0.034079,0.034079,0.033931,0.59295,1,0.16667
-3.2317,0.14993,2.9409,1.3863,0.013351,0.015947,0.015947,0.034913,0.42853,1,0.12963
-3.2317,0.14993,6.2684,1.4488,0.57615,0.035712,0.035712,0.027971,0.57147,1,0.12963
-3.2317,0.34993,6.0305,1.3998,0.082607,-0.0021027,-0.0021027,0.028911,0.76923,1,0.080247
-3.2317,0.54993,0.028973,1.2938,0.28806,-0.044317,-0.044317,0.048806,0.6,1,0.12346
-3.2317,0.54993,2.9954,1.2869,0.13095,0.024472,0.024472,0.020939,0.4,1,0.12346
-3.2317,0.74993,0.05636,1.1518,0.34542,-0.065757,-0.065757,0.051053,0.63637,1,0.1358
-3.2317,0.74993,3.1335,1.2753,0.15153,0.042377,0.042377,0.04405,0.36363,1,0.1358
-3.2317,0.94993,3.451,1.4197,0.0080624,0.021649,0.021649,0.062075,0.31224,1,0.098765
-3.2317,0.94993,0.067063,1.1618,0.84856,0.0042475,0.0042475,0.056544,0.68776,1,0.098765
-3.2317,1.1499,3.3433,1.4348,0.021502,0.008268,0.008268,0.0031793,0.18182,1,0.067901
-3.2317,1.1499,0.54234,1.2082,0.01269,0.0089828,0.0089828,0.0085297,0.36364,1,0.067901
-3.2317,1.3499,0.20102,1.3495,0.082757,0.027014,0.027014,0.028105,0.53571,1,0.17284
-3.2317,1.3499,3.2591,1.3495,0.10113,0.012198,0.012198,0.032442,0.46429,1,0.17284
-3.2317,1.5499,0.089613,1.4054,0.12058,0.062149,0.062149,0.044995,0.25926,1,0.16667
-3.2317,1.5499,3.2914,1.3508,0.080414,0.0074002,0.0074002,0.029531,0.74074,1,0.16667
-3.2317,1.7499,0.060053,1.3975,0.021413,0.0089729,0.0089729,0.0288,0.36364,1,0.1358
-3.2317,1.7499,3.2542,1.3289,0.057627,0.0065187,0.0065187,0.029659,0.63636,1,0.1358
-3.2317,1.9499,3.1518,1.3185,0.067468,0.0016656,0.0016656,0.031143,0.66667,1,0.092593
-3.2317,1.9499,0.02074,1.3549,0.0004862,0.0015163,0.0015163,0.0047286,0.13333,1,0.092593
-3.2317,2.1499,3.2336,1.3649,0.053939,-0.0039404,-0.0039404,0.016393,0.8,1,0.12346
-3.2317,2.3499,3.2692,1.3053,0.060236,-0.0041163,-0.0041163,0.020355,0.66667,1,0.092593
-3.2317,2.3499,0.16356,1.1721,0.10539,-0.028688,-0.028688,0.01204,0.33333,1,0.092593
-3.2317,2.5499,3.1801,1.2912,0.0064638,0.010012,0.010012,0.015509,0.22222,1,0.055556
-3.2317,2.5499,0.13848,1.2713,0.073243,-0.024903,-0.024903,0.010831,0.55556,1,0.055556
-3.0317,-3.0501,3.2263,1.3019,0.027988,-0.0086417,-0.0086417,0.0076087,0.6,1,0.030864
-3.0317,-2.8501,3.2076,1.1828,0.025631,-0.017494,-0.017494,0.01194,0.33333,1,0.037037
-3.0317,-2.0501,3.4296,1.452,0.021407,0.010285,0.010285,0.0079899,0.75,1,0.049383
-3.0317,-1.8501,3.5397,1.4237,0.010869,0.0018346,0.0018346,0.020441,0.53846,1,0.080247
-3.0317,-1.6501,3.553,1.4775,0.010075,-0.0001559,-0.0001559,0.017557,0.66667,1,0.055556
-3.0317,-0.85007,2.4368,1.2378,0.03805,-0.023162,-0.023162,0.015529,0.6,1,0.030864
-3.0317,-0.65007,5.8693,1.2309,3.1581,0.10342,0.10342,0.026292,1,1,0.055556
-3.0317,-0.45007,5.7889,1.2435,0.12617,-0.014411,-0.014411,0.019014,0.55556,1,0.11111
-3.0317,-0.45007,2.6554,1.3035,0.18486,-0.025544,-0.025544,0.013555,0.44444,1,0.11111
-3.0317,-0.25007,6.0404,1.274,0.035064,-0.004883,-0.004883,0.052862,0.6,1,0.15432
-3.0317,-0.25007,2.7197,1.2326,0.29566,0.0052816,0.0052816,0.025571,0.4,1,0.15432
-3.0317,-0.05007,5.9137,1.3911,0.072155,0.0058076,0.0058076,0.022964,0.51998,1,0.15432
-3.0317,-0.05007,2.757,1.3204,0.30747,0.012414,0.012414,0.038287,0.48002,1,0.15432
-3.0317,0.14993,2.9047,1.4525,0.010027,0.0045972,0.0045972,0.013808,0.52941,1,0.10494
-3.0317,0.34993,6.2082,1.3398,0.7694,-0.047848,-0.047848,0.024661,0.66683,1,0.092593
-3.0317,0.34993,2.8913,1.3696,0.0037016,0.0072379,0.0072379,0.020743,0.33317,1,0.092593
-3.0317,0.54993,3.1318,1.2618,0.13737,0.064654,0.064654,0.044364,0.36364,1,0.067901
-3.0317,0.54993,5.9716,1.2539,0.073878,-0.023592,-0.023592,0.029625,0.63636,1,0.067901
-3.0317,0.74993,6.0244,1.2619,1.8647,-0.049642,-0.049642,0.051429,1,1,0.11728
-3.0317,0.94993,0.50127,1.1451,0.016819,-0.03023,-0.03023,0.085954,0.6,1,0.092593
-3.0317,1.1499,0.45451,1.1784,0.021051,0.0023525,0.0023525,0.011012,0.33333,1,0.092593
-3.0317,1.1499,3.3947,1.4465,0.016523,0.013422,0.013422,0.015366,0.53333,1,0.092593
-3.0317,1.3499,0.31903,1.2891,0.056079,-0.0016209,-0.0016209,0.030348,0.48148,1,0.16667
-3.0317,1.3499,3.3517,1.3067,0.026022,-0.012972,-0.012972,0.043624,0.51852,1,0.16667
-3.0317,1.5499,3.2438,1.3207,0.021607,-0.00081924,-0.00081924,0.024307,0.44,1,0.15432
-3.0317,1.5499,0.28731,1.4404,0.063718,0.011747,0.011747,0.038046,0.56,1,0.15432
-3.0317,1.7499,0.1392,1.4718,0.075341,0.020097,0.020097,0.033114,0.45455,1,0.1358
-3.0317,1.7499,3.2566,1.3676,0.080849,0.016937,0.016937,0.028918,0.54545,1,0.1358
-3.0317,1.9499,0.025784,1.3728,0.033932,0.0060224,0.0060224,0.025561,0.5625,1,0.098765
-3.0317,1.9499,3.0673,1.3326,0.071083,0.027575,0.027575,0.025803,0.4375,1,0.098765
-3.0317,2.1499,0.16194,1.4131,0.040279,-0.0028286,-0.0028286,0.010596,0.46667,1,0.092593
-3.0317,2.1499,3.1476,1.3336,0.059766,-0.0074312,-0.0074312,0.018854,0.53333,1,0.092593
-3.0317,2.3499,0.09708,1.4022,0.030103,0.0086468,0.0086468,0.011064,0.53846,1,0.080247
-3.0317,2.3499,3.2129,1.2974,0.031293,0.011647,0.011647,0.0068794,0.46154,1,0.080247
-3.0317,2.5499,3.241,1.2444,0.11923,-0.015883,-0.015883,0.0097809,0.5,1,0.061728
-2.8317,-2.8501,3.3879,1.3236,0.13746,0.046687,0.046687,0.035875,0.57143,1,0.04321
-2.8317,-2.6501,0.16424,1.2784,0.019176,0.018789,0.018789,0.053499,0.55556,1,0.055556
-2.8317,-2.4501,0.15638,1.3154,0.039072,0.038223,0.038223,0.060044,0.57143,1,0.04321
-2.8317,-2.2501,3.4981,1.3597,0.0092095,0.016855,0.016855,0.032587,0.33333,1,0.055556
-2.8317,-1.8501,3.5512,1.3983,0.011979,0.0060649,0.0060649,0.007025,0.54545,1,0.067901
-2.8317,-1.2501,2.1843,1.352,0.040954,-0.011582,-0.011582,0.0033582,0.5,1,0.037037
-2.8317,-1.0501,5.3333,1.1556,0.011726,0.00022616,0.00022616,0.043574,0.66667,1,0.037037
-2.8317,-0.85007,5.4733,1.1384,0.087748,-0.0094384,-0.0094384,0.03604,0.55556,1,0.055556
-2.8317,-0.45007,2.8129,1.3072,0.087746,-0.024574,-0.024574,0.023864,0.38889,1,0.11111
-2.8317,-0.45007,5.9714,1.2499,0.12279,-0.027,-0.027,0.047719,0.61111,1,0.11111
-2.8317,-0.25007,6.1196,1.2975,0.3052,-0.041991,-0.041991,0.047593,0.61905,1,0.12963
-2.8317,-0.25007,2.9906,1.3115,0.021618,0.0083355,0.0083355,0.026054,0.38095,1,0.12963
-2.8317,-0.05007,5.9882,1.4302,0.016352,-0.014017,-0.014017,0.025654,0.32053,1,0.17284
-2.8317,-0.05007,2.9697,1.3528,0.018948,0.0035639,0.0035639,0.02682,0.5,1,0.17284
-2.8317,-0.05007,5.8552,1.3773,0.070038,0.030029,0.030029,0.013699,0.14376,1,0.17284
-2.8317,0.14993,6.0206,1.3852,0.27238,-0.030891,-0.030891,0.025941,0.73913,1,0.14198
-2.8317,0.14993,2.8511,1.3954,0.01166,0.0063367,0.0063367,0.025835,0.26087,1,0.14198
-2.8317,0.34993,6.1945,1.3323,0.37887,-0.052632,-0.052632,0.021239,0.52945,1,0.10494
-2.8317,0.34993,2.7317,1.2405,0.032997,0.011504,0.011504,0.024611,0.47055,1,0.10494
-2.8317,0.54993,1.1246,1.2378,1.9928,0.020491,0.020491,0.042983,1,1,0.04321
-2.8317,0.74993,0.748,1.3106,1.4821,0.0070986,0.0070986,0.018852,1,1,0.092593
-2.8317,0.94993,0.48098,1.2635,0.019134,-0.019362,-0.019362,0.044324,0.83333,1,0.074074
-2.8317,1.1499,0.60755,0.99113,0.019749,-0.02016,-0.02016,0.050735,0.46154,1,0.080247
-2.8317,1.1499,3.3633,1.4301,0.0075913,0.011252,0.011252,0.020369,0.38462,1,0.080247
-2.8317,1.3499,0.24852,1.3038,0.067758,-0.014041,-0.014041,0.019999,0.42857,1,0.12963
-2.8317,1.3499,3.3567,1.309,0.019162,-0.0025327,-0.0025327,0.042776,0.57143,1,0.12963
-2.8317,1.5499,3.3021,1.3184,0.060343,-0.015575,-0.015575,0.033197,0.48276,1,0.17901
-2.8317,1.5499,0.2812,1.3315,0.059461,-0.015351,-0.015351,0.021149,0.51724,1,0.17901
-2.8317,1.7499,0.20313,1.3609,0.10447,-0.0084969,-0.0084969,0.077511,0.33333,1,0.14815
-2.8317,1.7499,3.3122,1.3114,0.061728,-0.0046882,-0.0046882,0.022253,0.66667,1,0.14815
-2.8317,1.9499,3.2909,1.3814,0.061811,-0.0028865,-0.0028865,0.014397,0.51852,1,0.16667
-2.8317,1.9499,0.12093,1.2872,0.078824,-0.036412,-0.036412,0.047744,0.48148,1,0.16667
-2.8317,2.1499,3.1929,1.4199,0.081058,-0.0025579,-0.0025579,0.017521,0.58824,1,0.10494
-2.8317,2.1499,0.44988,1.1691,0.3673,-0.15819,-0.15819,0.10663,0.41176,1,0.10494
-2.8317,2.3499,3.2169,1.3497,0.092617,-0.0029034,-0.0029034,0.0092256,0.6,1,0.092593
-2.8317,2.3499,0.04412,1.4988,0.00027159,0.00034262,0.00034262,0.00043222,0.13333,1,0.092593
-2.8317,2.5499,3.2455,1.2787,0.12904,-0.016544,-0.016544,0.012414,0.46154,1,0.080247
-2.8317,2.5499,6.2329,1.3466,0.0067735,0.007438,0.007438,0.013078,0.30769,1,0.080247
-2.6317,-3.0501,2.415,1.131,1.3922,0.088758,0.088758,0.018145,1,1,0.030864
-2.6317,-2.8501,3.3774,1.2603,0.037435,-0.01597,-0.01597,0.0068129,0.5,1,0.024691
-2.6317,-2.6501,3.6386,1.5308,0.014162,0.00070668,0.00070668,0.012819,0.5,1,0.049383
-2.6317,-2.4501,3.0623,1.2175,0.62124,0.19377,0.19377,0.067873,0.66667,1,0.037037
-2.6317,-1.6501,0.73087,1.3488,4.7147,0.15784,0.15784,0.01024,1,1,0.061728
-2.6317,-1.4501,4.3583,1.1798,1.9095,-0.17426,-0.17426,0.11564,1,1,0.067901
-2.6317,-1.2501,3.7721,1.1472,2.1767,-0.30458,-0.30458,0.092092,1,1,0.055556
-2.6317,-1.0501,5.4643,1.0386,0.06726,-0.039344,-0.039344,0.079852,0.57143,1,0.04321
-2.6317,-0.65007,2.7343,1.3304,0.12079,-0.039355,-0.039355,0.040481,0.33333,1,0.074074
-2.6317,-0.65007,5.8744,1.3501,0.097055,-0.013403,-0.013403,0.0060869,0.66667,1,0.074074
-2.6317,-0.45007,5.5899,1.3128,2.8801,-0.18604,-0.18604,0.030222,0.88235,1,0.10494
-2.6317,-0.45007,3.1001,1.278,0.010034,0.0063196,0.0063196,0.0039803,0.11765,1,0.10494
-2.6317,-0.25007,2.9484,1.3094,0.016786,0.009621,0.009621,0.02045,0.36,1,0.15432
-2.6317,-0.25007,6.0591,1.3084,0.11231,-0.012731,-0.012731,0.049502,0.64,1,0.15432
-2.6317,-0.05007,5.9906,1.4051,0.079453,-0.0047997,-0.0047997,0.045848,0.5,1,0.18519
-2.6317,-0.05007,2.9381,1.3376,0.032673,0.011165,0.011165,0.021893,0.5,1,0.18519
-2.6317,0.14993,5.8956,1.4826,0.043959,-0.00078518,-0.00078518,0.021091,0.44444,1,0.11111
-2.6317,0.14993,2.8915,1.3311,0.036866,0.010079,0.010079,0.025169,0.55556,1,0.11111
-2.6317,0.34993,2.091,1.2898,1.3556,-0.010659,-0.010659,0.030323,1,1,0.067901
-2.6317,0.74993,1.5152,1.2703,2.2188,0.094841,0.094841,0.013817,1,1,0.04321
-2.6317,0.94993,1.2697,1.2625,2.3276,0.049756,0.049756,0.021667,1,1,0.061728
-2.6317,1.1499,0.63667,1.1489,0.046496,-0.007269,-0.007269,0.058508,0.64286,1,0.08642
-2.6317,1.3499,0.40032,1.1922,0.11767,-0.034056,-0.034056,0.042289,0.53571,1,0.17284
-2.6317,1.3499,3.3516,1.3296,0.027633,0.0016222,0.0016222,0.058663,0.46429,1,0.17284
-2.6317,1.5499,0.25821,1.2481,0.073489,-0.026581,-0.026581,0.026573,0.47059,1,0.20988
-2.6317,1.5499,3.3483,1.3039,0.056051,-0.018353,-0.018353,0.052905,0.52941,1,0.20988
-2.6317,1.7499,3.302,1.2913,0.069969,-0.02177,-0.02177,0.033088,0.42308,1,0.16049
-2.6317,1.7499,0.16927,1.3785,0.07919,-0.023632,-0.023632,0.047226,0.57692,1,0.16049
-2.6317,1.9499,3.2769,1.3198,0.091277,-0.027932,-0.027932,0.041426,0.45455,1,0.1358
-2.6317,1.9499,0.22505,1.2538,0.081557,-0.073367,-0.073367,0.11438,0.54545,1,0.1358
-2.6317,2.1499,3.1666,1.3998,0.060821,-0.016935,-0.016935,0.02108,0.57895,1,0.11728
-2.6317,2.1499,0.53307,0.8276,0.026175,-0.029253,-0.029253,0.034835,0.26316,1,0.11728
-2.6317,2.3499,3.2338,1.3363,0.04198,0.011132,0.011132,0.0070198,0.69231,1,0.080247
-2.6317,2.9499,3.1175,1.2876,0.014565,0.008589,0.008589,0.0054581,0.57143,1,0.04321
-2.4317,-2.4501,0.22144,1.2956,0.00023952,-0.00063743,-0.00063743,0.0046232,0.6,1,0.030864
-2.4317,-2.0501,3.3372,1.3955,3.4598,-0.12499,-0.12499,0.019179,0.875,1,0.049383
-2.4317,-1.8501,4.5765,1.0814,1.0921,-0.23261,-0.23261,0.22182,1,1,0.067901
-2.4317,-1.6501,0.27996,1.3387,0.0025698,-0.0016237,-0.0016237,0.0076153,0.21429,1,0.08642
-2.4317,-1.6501,3.5675,1.4429,0.018315,0.011462,0.011462,0.027181,0.42857,1,0.08642
-2.4317,-1.4501,4.6361,1.273,1.8993,-0.17093,-0.17093,0.11025,1,1,0.092593
-2.4317,-1.0501,2.4704,1.2783,2.7544,0.31512,0.31512,0.0609,1,1,0.037037
-2.4317,-0.85007,4.0033,1.2882,2.2947,-0.34781,-0.34781,0.075966,1,1,0.024691
-2.4317,-0.65007,4.9208,1.3257,2.2142,0.061882,0.061882,0.014621,1,1,0.055556
-2.4317,-0.45007,6.0509,1.2909,0.063578,-0.0027322,-0.0027322,0.027208,0.84615,1,0.080247
-2.4317,-0.25007,6.0829,1.3457,0.033763,-0.018988,-0.018988,0.035977,0.625,1,0.14815
-2.4317,-0.25007,2.9022,1.2995,0.022571,0.0038133,0.0038133,0.021405,0.375,1,0.14815
-2.4317,-0.05007,2.943,1.3183,0.026795,0.0077742,0.0077742,0.022712,0.55172,1,0.17901
-2.4317,-0.05007,5.9715,1.3358,0.08729,-0.011025,-0.011025,0.034433,0.44828,1,0.17901
-2.4317,0.14993,5.9253,1.4233,0.023703,-4.2348e-05,-4.2348e-05,0.035059,0.42105,1,0.11728
-2.4317,0.14993,2.8871,1.3271,0.011933,0.01264,0.01264,0.02861,0.52632,1,0.11728
-2.4317,0.34993,6.0924,1.2609,0.12852,-0.0026213,-0.0026213,0.0097818,0.5,1,0.061728
-2.4317,0.34993,2.6738,1.194,0.10171,-0.023334,-0.023334,0.022555,0.5,1,0.061728
-2.4317,0.94993,0.42464,1.4262,0.01542,-0.008755,-0.008755,0.0061906,0.66667,1,0.055556
-2.4317,1.1499,0.529,1.2032,0.053167,-7.9952e-05,-7.9952e-05,0.058445,0.66667,1,0.092593
-2.4317,1.1499,3.3697,1.3844,0.007977,0.011491,0.011491,0.024512,0.33333,1,0.092593
-2.4317,1.3499,3.316,1.3319,0.025051,0.0058054,0.0058054,0.024494,0.44444,1,0.16667
-2.4317,1.3499,0.4196,1.1275,0.11263,-0.029658,-0.029658,0.066068,0.55556,1,0.16667
-2.4317,1.5499,0.2701,1.3117,0.092512,-0.041815,-0.041815,0.036676,0.48387,1,0.19136
-2.4317,1.5499,3.2787,1.2668,0.034184,-0.029234,-0.029234,0.11774,0.51613,1,0.19136
-2.4317,1.7499,0.28775,1.3895,0.14709,-0.036345,-0.036345,0.050888,0.5625,1,0.19753
-2.4317,1.7499,3.2534,1.2568,0.078858,-0.040745,-0.040745,0.1013,0.4375,1,0.19753
-2.4317,1.9499,0.23757,1.3708,0.11142,-0.041105,-0.041105,0.10901,0.46875,1,0.19753
-2.4317,1.9499,3.3053,1.3775,0.091273,-0.022426,-0.022426,0.022143,0.53125,1,0.19753
-2.4317,2.1499,3.2076,1.4443,0.095162,-0.001602,-0.001602,0.019361,0.53333,1,0.092593
-2.4317,2.1499,0.40091,1.287,0.033682,-0.039862,-0.039862,0.1463,0.46667,1,0.092593
-2.4317,2.3499,3.3245,1.3725,0.0012741,0.00060271,0.00060271,0.0002851,0.15385,1,0.080247
-2.4317,2.3499,0.34748,1.198,0.05713,-0.060135,-0.060135,0.11691,0.53846,1,0.080247
-2.4317,2.5499,3.4379,1.3111,0.022232,-0.0066374,-0.0066374,0.0019816,0.22222,1,0.055556
-2.4317,2.5499,0.0984,1.395,0.024321,0.010985,0.010985,0.016246,0.55556,1,0.055556
-2.4317,2.9499,0.59489,1.0645,4.0372,0.46275,0.46275,0.077163,1,1,0.037037
-2.2317,-3.2501,2.7171,0.96901,0.085887,0.050709,0.050709,0.030993,0.44444,1,0.055556
-2.2317,-2.6501,0.99361,1.1864,3.7386,0.19592,0.19592,0.050917,1,1,0.055556
-2.2317,-2.4501,0.24869,1.2305,0.006833,0.013015,0.013015,0.036768,0.32684,1,0.074074
-2.2317,-2.4501,2.3855,1.2358,5.2464,1.0088,1.0088,0.2092,0.67316,1,0.074074
-2.2317,-2.2501,4.1496,1.1957,1.1853,-0.11821,-0.11821,0.15951,1,1,0.080247
-2.2317,-2.0501,6.2089,1.4217,0.38295,0.079289,0.079289,0.024378,0.29457,1,0.08642
-2.2317,-2.0501,1.2038,0.72405,19.598,-2.3866,-2.3866,0.29255,0.70543,1,0.08642
-2.2317,-1.8501,5.0645,1.0727,1.6223,-0.14096,-0.14096,0.30343,1,1,0.11111
-2.2317,-1.6501,2.1937,1.1641,0.0037044,-0.00083458,-0.00083458,0.00019931,0.21429,1,0.08642
-2.2317,-1.6501,0.28064,1.3744,0.0019253,0.00074929,0.00074929,0.014823,0.28571,1,0.08642
-2.2317,-1.4501,2.7102,1.3101,2.2771,0.06744,0.06744,0.030752,1,1,0.061728
-2.2317,-1.0501,4.0136,1.2833,1.6887,-0.072084,-0.072084,0.052445,1,1,0.049383
-2.2317,-0.85007,2.906,1.2377,0.0078402,-0.0089997,-0.0089997,0.010331,0.28571,1,0.04321
-2.2317,-0.65007,6.0529,1.3756,0.0082204,0.0030271,0.0030271,0.0071334,0.4,1,0.061728
-2.2317,-0.65007,2.959,1.2872,0.01045,-0.0047187,-0.0047187,0.0079907,0.5,1,0.061728
-2.2317,-0.45007,5.9561,1.3357,0.12626,-0.031626,-0.031626,0.0559,0.66667,1,0.12963
-2.2317,-0.45007,2.8883,1.2629,0.055114,0.0063449,0.0063449,0.012471,0.33333,1,0.12963
-2.2317,-0.25007,6.1389,1.4229,0.0057373,0.0010032,0.0010032,0.00017543,0.071413,1,0.17284
-2.2317,-0.25007,2.792,1.3401,0.11146,0.016823,0.016823,0.021787,0.35714,1,0.17284
-2.2317,-0.25007,6.0309,1.3835,0.029279,-0.0089459,-0.0089459,0.042699,0.57144,1,0.17284
-2.2317,-0.05007,2.9233,1.38,0.092014,0.0072753,0.0072753,0.025306,0.65,1,0.12346
-2.2317,-0.05007,6.0111,1.4453,0.0096243,0.0004873,0.0004873,0.021921,0.35,1,0.12346
-2.2317,0.14993,2.8753,1.2292,0.014767,0.00048,0.00048,0.034597,0.6,1,0.092593
-2.2317,0.14993,5.9942,1.3319,0.011435,0.019517,0.019517,0.043579,0.33333,1,0.092593
-2.2317,0.34993,2.8165,1.2185,0.0015626,-0.0038335,-0.0038335,0.036465,0.625,1,0.049383
-2.2317,1.1499,0.36735,1.1538,0.0048123,0.0064126,0.0064126,0.028748,0.55556,1,0.055556
-2.2317,1.3499,0.41835,1.1651,0.18056,-0.052833,-0.052833,0.074336,0.64706,1,0.10494
-2.2317,1.3499,3.2327,1.3974,0.043908,0.02217,0.02217,0.018075,0.35294,1,0.10494
-2.2317,1.5499,0.78429,1.1129,1.2303,-0.33083,-0.33083,0.14518,0.59389,1,0.19753
-2.2317,1.5499,3.1209,1.3753,0.017799,0.01451,0.01451,0.021361,0.40611,1,0.19753
-2.2317,1.7499,0.41818,1.2492,0.18799,-0.065405,-0.065405,0.063933,0.5,1,0.23457
-2.2317,1.7499,3.3834,1.1913,0.10841,-0.070248,-0.070248,0.12241,0.5,1,0.23457
-2.2317,1.9499,3.2584,1.3565,0.068194,-0.020475,-0.020475,0.017198,0.74074,1,0.16667
-2.2317,1.9499,0.25695,1.3301,0.25329,-0.072767,-0.072767,0.049493,0.25926,1,0.16667
-2.2317,2.1499,3.3268,1.3457,0.066759,0.00010863,0.00010863,0.021288,0.76471,1,0.10494
-2.2317,2.3499,3.2925,1.3492,0.12504,0.012114,0.012114,0.0070844,0.4,1,0.092593
-2.2317,2.3499,0.34016,1.1956,0.093129,-0.075081,-0.075081,0.11067,0.6,1,0.092593
-2.2317,2.5499,3.3176,1.3371,0.097962,-0.010332,-0.010332,0.0072526,0.375,1,0.098765
-2.2317,2.5499,0.18736,1.2124,0.068374,-0.04921,-0.04921,0.085304,0.625,1,0.098765
-2.0317,-3.0501,1.7801,1.049,2.7713,-0.2482,-0.2482,0.10317,1,1,0.061728
-2.0317,-2.8501,4.3066,1.025,1.7773,-0.010488,-0.010488,0.11304,1,1,0.049383
-2.0317,-2.6501,0.73837,0.89637,4.1462,0.37821,0.37821,0.063918,1,1,0.049383
-2.0317,-2.4501,4.727,1.1301,3.1404,-0.096509,-0.096509,0.10307,1,1,0.11111
-2.0317,-2.2501,4.5107,1.1628,1.2693,-0.058868,-0.058868,0.16421,1,1,0.074074
-2.0317,-2.0501,3.3683,0.9984,3.2422,-0.73608,-0.73608,0.24849,1,1,0.074074
-2.0317,-1.8501,3.6653,1.254,4.0889,0.58333,0.58333,0.14066,1,1,0.080247
-2.0317,-1.6501,3.3332,1.407,2.9,0.12657,0.12657,0.028465,1,1,0.080247
-2.0317,-1.4501,3.5246,1.2914,0.011159,0.012127,0.012127,0.058108,0.5,1,0.049383
-2.0317,-1.2501,4.0625,1.1101,4.3307,-0.11849,-0.11849,0.0036207,0.625,1,0.049383
-2.0317,-1.0501,4.4831,1.3036,1.1728,-0.047884,-0.047884,0.047918,1,1,0.04321
-2.0317,-0.85007,5.9629,1.3129,1.2478,0.019954,0.019954,0.016581,0.70336,1,0.061728
-2.0317,-0.85007,2.869,1.1743,0.012802,0.0061188,0.0061188,0.015463,0.29664,1,0.061728
-2.0317,-0.65007,5.9505,1.355,0.060805,0.016015,0.016015,0.011396,0.56931,1,0.08642
-2.0317,-0.65007,3.0349,1.2792,0.57428,0.00078003,0.00078003,0.011597,0.43069,1,0.08642
-2.0317,-0.45007,5.8182,1.3037,0.2701,-0.032506,-0.032506,0.024129,0.625,1,0.098765
-2.0317,-0.45007,2.9876,1.2661,0.018358,-0.002872,-0.002872,0.012118,0.375,1,0.098765
-2.0317,-0.25007,2.8732,1.3098,0.10418,0.012027,0.012027,0.017868,0.40741,1,0.16667
-2.0317,-0.25007,6.0107,1.3996,0.074249,-0.0069432,-0.0069432,0.036638,0.59259,1,0.16667
-2.0317,-0.05007,3.0253,1.3654,0.017178,0.0079851,0.0079851,0.027959,0.5,1,0.18519
-2.0317,-0.05007,6.0407,1.422,0.054013,0.019737,0.019737,0.039502,0.5,1,0.18519
-2.0317,0.14993,2.9751,1.2701,0.013056,0.0093914,0.0093914,0.063596,0.58824,1,0.10494
-2.0317,1.3499,3.022,1.1515,0.007433,-0.0022675,-0.0022675,0.00069169,0.090908,1,0.1358
-2.0317,1.3499,0.027974,1.2836,4.5607,-0.33528,-0.33528,0.053975,0.90909,1,0.1358
-2.0317,1.5499,3.2324,1.3733,0.038434,0.0033673,0.0033673,0.030863,0.5,1,0.17284
-2.0317,1.5499,0.2941,1.2346,0.2384,-0.081765,-0.081765,0.067931,0.5,1,0.17284
-2.0317,1.7499,0.2338,1.2574,0.17899,-0.080443,-0.080443,0.063436,0.65517,1,0.17901
-2.0317,1.7499,3.3151,1.33,0.12729,-0.058333,-0.058333,0.06867,0.34483,1,0.17901
-2.0317,1.9499,0.38483,1.2821,0.12837,-0.039734,-0.039734,0.038101,0.56522,1,0.14198
-2.0317,1.9499,3.2945,1.3463,0.18263,-0.098777,-0.098777,0.077845,0.43478,1,0.14198
-2.0317,2.1499,3.4191,1.2003,0.29046,-0.14917,-0.14917,0.11187,0.52632,1,0.11728
-2.0317,2.1499,0.51234,1.3603,0.13152,-0.047024,-0.047024,0.051807,0.47368,1,0.11728
-2.0317,2.3499,3.1079,1.3806,0.0043132,0.0049297,0.0049297,0.0056404,0.2142,1,0.08642
-2.0317,2.3499,0.15522,1.2193,1.8894,-0.1369,-0.1369,0.088462,0.7858,1,0.08642
-2.0317,2.5499,1.1358,1.2206,1.7407,0.051752,0.051752,0.080915,1,1,0.074074
-2.0317,2.9499,3.0889,1.2829,0.020615,0.012542,0.012542,0.0076309,0.22222,1,0.055556
-2.0317,3.1499,1.76,0.057465,3.4629,0.081814,0.081814,0.002716,1,1,0.037037
-2.0317,3.3499,2.4079,0.072417,2.9528,0.061344,0.061344,0.0024696,1,1,0.061728
-1.8317,-3.8501,5.6063,0.02115,3.1332,0.0075255,0.0075255,0.0001665,0.67042,1,0.17901
-1.8317,-3.8501,2.1373,0.3037,2.6196,0.37251,0.37251,0.07519,0.32958,1,0.17901
-1.8317,-3.6501,1.924,0.29399,3.8399,0.36795,0.36795,0.13613,1,1,0.2716
-1.8317,-3.4501,2.8167,0.042998,3.3753,-0.013723,-0.013723,0.00072216,0.40199,1,0.25926
-1.8317,-3.4501,2.5218,0.67805,2.3728,0.30023,0.30023,0.15026,0.59801,1,0.25926
-1.8317,-3.2501,2.8948,0.85273,1.9975,0.22587,0.22587,0.037715,1,1,0.067901
-1.8317,-3.0501,2.5806,0.97443,1.7686,0.21966,0.21966,0.11653,1,1,0.08642
-1.8317,-2.8501,1.0211,0.97604,4.1863,-0.4936,-0.4936,0.07815,1,1,0.10494
-1.8317,-2.6501,0.22523,0.84858,3.498,0.45764,0.45764,0.15718,1,1,0.11111
-1.8317,-2.4501,0.06694,1.1501,2.6684,-0.17143,-0.17143,0.038365,1,1,0.11111
-1.8317,-2.2501,5.4682,1.1929,7.0103,0.46037,0.46037,0.036256,1,1,0.092593
-1.8317,-2.0501,1.8783,1.2303,2.3416,-0.15025,-0.15025,0.033768,1,1,0.080247
-1.8317,-1.8501,2.2224,1.1626,0.015531,-0.0072737,-0.0072737,0.0034065,0.22222,1,0.055556
-1.8317,-1.8501,6.2173,1.3719,4.2485,-0.30413,-0.30413,0.030666,0.77778,1,0.055556
-1.8317,-1.6501,4.0492,1.461,1.4843,-0.04017,-0.04017,0.025995,1,1,0.055556
-1.8317,-1.4501,0.68069,1.3711,4.3171,0.31887,0.31887,0.038014,1,1,0.061728
-1.8317,-1.2501,4.3108,1.2738,1.5517,0.00084328,0.00084328,0.042655,1,1,0.080247
-1.8317,-1.0501,4.277,1.2897,1.3615,-0.033277,-0.033277,0.048241,1,1,0.080247
-1.8317,-0.85007,2.9814,1.3059,0.0078261,-0.0033099,-0.0033099,0.0013999,0.18182,1,0.067901
-1.8317,-0.85007,5.1547,1.3562,1.2026,0.01119,0.01119,0.019549,0.81818,1,0.067901
-1.8317,-0.65007,2.6798,1.2633,0.14334,0.018632,0.018632,0.016054,0.42857,1,0.08642
-1.8317,-0.65007,5.8285,1.323,0.29926,0.010532,0.010532,0.01308,0.57143,1,0.08642
-1.8317,-0.45007,6.1013,1.25,0.018322,-0.00080896,-0.00080896,0.041683,0.57895,1,0.11728
-1.8317,-0.45007,3.0832,1.2483,0.36686,0.026005,0.026005,0.014205,0.42105,1,0.11728
-1.8317,-0.25007,6.0268,1.2958,0.061811,0.036971,0.036971,0.051534,0.65385,1,0.16049
-1.8317,-0.25007,3.0158,1.3395,0.0086399,0.00090239,0.00090239,0.011925,0.34615,1,0.16049
-1.8317,-0.05007,2.9973,1.3201,0.012494,0.0087644,0.0087644,0.034402,0.64,1,0.15432
-1.8317,-0.05007,5.81,1.3932,0.28375,0.061299,0.061299,0.052447,0.36,1,0.15432
-1.8317,0.14993,3.0008,1.2877,0.011264,0.015049,0.015049,0.046581,0.64286,1,0.08642
-1.8317,0.14993,6.0905,1.2707,0.011114,0.023722,0.023722,0.12646,0.28571,1,0.08642
-1.8317,1.1499,0.85685,1.2598,1.2176,-0.012363,-0.012363,0.03095,1,1,0.080247
-1.8317,1.3499,3.2206,1.2613,0.022348,0.011847,0.011847,0.07061,0.5,1,0.14815
-1.8317,1.3499,0.31596,1.2532,0.1833,-0.03578,-0.03578,0.035261,0.5,1,0.14815
-1.8317,1.5499,3.1276,1.3792,0.026348,0.012417,0.012417,0.03186,0.48276,1,0.17901
-1.8317,1.5499,0.048722,1.3519,0.044431,-0.033675,-0.033675,0.05548,0.51724,1,0.17901
-1.8317,1.7499,0.10151,1.337,0.072622,-0.029364,-0.029364,0.037762,0.48276,1,0.17901
-1.8317,1.7499,3.1061,1.3769,0.03428,0.011225,0.011225,0.023625,0.51724,1,0.17901
-1.8317,1.9499,0.16437,1.3349,0.070901,-0.015358,-0.015358,0.034151,0.42857,1,0.17284
-1.8317,1.9499,3.2056,1.3164,0.14284,-0.065611,-0.065611,0.047746,0.57143,1,0.17284
-1.8317,2.1499,3.3712,1.2295,0.18227,-0.086079,-0.086079,0.059467,0.54167,1,0.14815
-1.8317,2.1499,0.41715,1.3514,0.17359,-0.036811,-0.036811,0.045058,0.45833,1,0.14815
-1.8317,2.3499,3.6199,0.99252,0.257,-0.19658,-0.19658,0.1852,0.64706,1,0.10494
-1.8317,2.3499,0.13818,1.3807,0.047746,-0.0030757,-0.0030757,0.00028915,0.17647,1,0.10494
-1.8317,2.5499,3.5077,0.072186,2.989,0.023832,0.023832,0.0050626,0.4848,1,0.2037
-1.8317,2.5499,0.98707,1.2558,1.6638,-0.0023923,-0.0023923,0.05679,0.5152,1,0.2037
-1.8317,2.7499,3.3944,1.2406,0.061824,-0.0068218,-0.0068218,0.0046329,0.35276,1,0.10494
-1.8317,2.7499,1.3972,0.62658,1.5596,-0.52643,-0.52643,0.30871,0.64724,1,0.10494
-1.8317,2.9499,3.3305,1.1903,0.12714,0.0053315,0.0053315,0.00040481,0.45455,1,0.067901
-1.8317,3.1499,1.0532,0.42914,1.0016,0.17118,0.17118,0.20029,0.66788,1,0.092593
-1.8317,3.1499,3.8963,0.094533,0.34666,0.013524,0.013524,0.00131,0.33212,1,0.092593
-1.8317,3.3499,4.6903,0.10342,3.4735,-0.12783,-0.12783,0.011854,1,1,0.067901
-1.6317,-3.8501,0.13753,0.16773,4.8842,0.41983,0.41983,0.069742,1,1,0.24691
-1.6317,-3.6501,0.74145,0.25675,5.707,0.44424,0.44424,0.11272,1,1,0.62346
-1.6317,-3.4501,2.3629,0.071663,4.3748,-0.072189,-0.072189,0.0042515,0.58121,1,0.61111
-1.6317,-3.4501,2.1564,0.65852,3.4902,0.43008,0.43008,0.12885,0.41879,1,0.61111
-1.6317,-3.2501,1.7741,0.63036,4.0012,0.54704,0.54704,0.12901,1,1,0.19136
-1.6317,-3.0501,1.9623,0.68175,2.5496,-0.40911,-0.40911,0.1469,0.88235,1,0.10494
-1.6317,-3.0501,4.494,1.2449,0.0020345,0.006869,0.006869,0.023192,0.11765,1,0.10494
-1.6317,-2.8501,5.2934,0.41314,4.7168,0.14769,0.14769,0.20764,1,1,0.27778
-1.6317,-2.6501,5.3224,0.043415,3.2451,-0.020639,-0.020639,0.0011686,0.57094,1,0.25926
-1.6317,-2.6501,0.6851,0.97324,3.945,-0.45144,-0.45144,0.064438,0.42906,1,0.25926
-1.6317,-2.4501,2.1602,1.0491,4.0714,0.51163,0.51163,0.10112,1,1,0.08642
-1.6317,-2.2501,1.9206,1.0975,2.2533,0.11839,0.11839,0.030557,1,1,0.067901
-1.6317,-2.0501,2.6922,1.233,2.3285,0.038247,0.038247,0.076963,1,1,0.080247
-1.6317,-1.8501,3.4586,1.2625,1.8462,0.16729,0.16729,0.056972,1,1,0.055556
-1.6317,-1.6501,0.2227,1.4638,0.0015058,-0.0012614,-0.0012614,0.0010566,0.25,1,0.049383
-1.6317,-1.4501,0.33193,1.3202,1.8328,0.11188,0.11188,0.03768,1,1,0.061728
-1.6317,-1.2501,0.58602,1.2892,6.341,0.46205,0.46205,0.051078,1,1,0.067901
-1.6317,-1.0501,3.7451,1.288,2.3493,0.1591,0.1591,0.059582,1,1,0.080247
-1.6317,-0.85007,3.1287,1.3279,0.064444,-0.0033875,-0.0033875,0.0017062,0.28183,1,0.08642
-1.6317,-0.85007,5.8159,1.3243,1.2967,-0.11925,-0.11925,0.094945,0.71817,1,0.08642
-1.6317,-0.65007,5.8845,1.1974,0.12313,0.057107,0.057107,0.054685,0.76923,1,0.080247
-1.6317,-0.45007,5.9728,1.2843,0.12842,0.056229,0.056229,0.093933,0.7,1,0.12346
-1.6317,-0.45007,3.03,1.3267,0.0039425,-0.0010904,-0.0010904,0.00070771,0.25,1,0.12346
-1.6317,-0.25007,6.1806,1.3797,0.016571,-0.013564,-0.013564,0.036109,0.51852,1,0.16667
-1.6317,-0.25007,3.0166,1.3585,0.010948,-0.001557,-0.001557,0.016896,0.44444,1,0.16667
-1.6317,-0.05007,3.0537,1.313,0.021634,-0.0018812,-0.0018812,0.040533,0.61111,1,0.11111
-1.6317,0.14993,6.0985,1.1934,0.00030765,-0.00047726,-0.00047726,0.00074038,0.22222,1,0.055556
-1.6317,0.14993,3.0311,1.2157,0.020598,-0.020925,-0.020925,0.040455,0.55556,1,0.055556
-1.6317,0.94993,6.0202,1.2552,2.3605,-0.12387,-0.12387,0.029517,1,1,0.04321
-1.6317,1.1499,3.2562,1.2852,0.00051506,-0.0016546,-0.0016546,0.0053151,0.18182,1,0.067901
-1.6317,1.1499,1.4389,1.1973,2.0893,-0.010302,-0.010302,0.038474,0.81818,1,0.067901
-1.6317,1.3499,3.2081,1.2392,0.026609,0.0048827,0.0048827,0.035921,0.58824,1,0.10494
-1.6317,1.5499,3.111,1.3139,0.028723,0.0083408,0.0083408,0.031641,0.51852,1,0.16667
-1.6317,1.5499,0.29179,1.2283,0.14811,-0.058109,-0.058109,0.055541,0.48148,1,0.16667
-1.6317,1.7499,0.29227,1.2307,0.19181,-0.072342,-0.072342,0.05248,0.625,1,0.14815
-1.6317,1.7499,3.058,1.3483,0.01953,-0.002019,-0.002019,0.013287,0.375,1,0.14815
-1.6317,1.9499,3.147,1.344,0.042931,-0.010597,-0.010597,0.017247,0.46667,1,0.18519
-1.6317,1.9499,0.2527,1.2927,0.11596,-0.043922,-0.043922,0.04143,0.53333,1,0.18519
-1.6317,2.1499,0.38078,1.3009,0.059866,-0.020838,-0.020838,0.026696,0.33334,1,0.14815
-1.6317,2.1499,3.029,1.2083,0.32202,0.10336,0.10336,0.094286,0.66666,1,0.14815
-1.6317,2.3499,2.935,0.86982,1.0507,0.14531,0.14531,0.19377,0.66938,1,0.092593
-1.6317,2.3499,0.26068,1.2598,0.12345,-0.016504,-0.016504,0.011818,0.33062,1,0.092593
-1.6317,2.5499,3.2329,1.3176,0.13993,-0.040201,-0.040201,0.016988,0.14706,1,0.20988
-1.6317,2.5499,0.29133,1.2128,0.118,-0.024332,-0.024332,0.027115,0.23529,1,0.20988
-1.6317,2.5499,3.9013,0.10425,3.8792,-0.11877,-0.11877,0.010039,0.61765,1,0.20988
-1.6317,2.7499,3.4043,1.2016,0.091902,0.0044933,0.0044933,0.0020506,0.14547,1,0.2037
-1.6317,2.7499,0.79185,1.2248,1.2744,0.060907,0.060907,0.040042,0.33937,1,0.2037
-1.6317,2.7499,3.2865,0.065157,2.7703,0.0020414,0.0020414,0.0026536,0.51515,1,0.2037
-1.6317,2.9499,3.0288,1.3089,0.01295,-0.0013542,-0.0013542,0.00014161,0.28571,1,0.04321
-1.6317,3.1499,0.41671,0.80733,0.0083893,-0.011422,-0.011422,0.098048,0.5,1,0.037037
-1.4317,-4.0501,2.748,0.028634,1.358,0.011949,0.011949,0.00039148,0.83333,1,0.037037
-1.4317,-3.8501,3.2074,0.11676,3.1524,0.12357,0.12357,0.030324,1,1,0.17284
-1.4317,-3.6501,5.6764,0.4191,3.7062,-0.24756,-0.24756,0.088891,0.54048,1,0.59877
-1.4317,-3.6501,1.9524,0.03316,4.6409,-0.038382,-0.038382,0.00063627,0.45952,1,0.59877
-1.4317,-3.4501,3.9488,0.36898,5.4123,-0.12763,-0.12763,0.13299,1,1,0.60494
-1.4317,-3.2501,1.8027,0.61784,4.601,0.51854,0.51854,0.13229,1,1,0.2963
-1.4317,-3.0501,4.8904,1.1706,1.0509,0.0076598,0.0076598,0.01204,0.33574,1,0.16667
-1.4317,-3.0501,1.2834,0.48787,0.73017,0.037941,0.037941,0.070312,0.66426,1,0.16667
-1.4317,-2.8501,1.2216,0.57247,1.1378,0.10071,0.10071,0.13054,0.7786,1,0.11111
-1.4317,-2.8501,4.7378,1.2989,0.17086,-0.021193,-0.021193,0.006123,0.2214,1,0.11111
-1.4317,-2.6501,0.97921,0.44046,3.4417,-0.26031,-0.26031,0.2328,1,1,0.17901
-1.4317,-2.4501,0.42915,1.0721,3.9019,-0.34301,-0.34301,0.057344,1,1,0.10494
-1.4317,-2.2501,0.24541,1.2846,0.0017794,-0.0011045,-0.0011045,0.0056886,0.53846,1,0.080247
-1.4317,-2.0501,3.3125,1.2663,1.7545,0.12277,0.12277,0.069022,0.83531,1,0.11111
-1.4317,-2.0501,0.17044,1.3383,0.0054957,-0.00085386,-0.00085386,0.0023757,0.16469,1,0.11111
-1.4317,-1.8501,3.9023,1.1218,2.5085,0.055653,0.055653,0.034447,1,1,0.092593
-1.4317,-1.6501,1.1136,1.2064,10.587,0.68519,0.68519,0.056666,1,1,0.080247
-1.4317,-1.4501,1.5777,1.2397,3.7536,0.23958,0.23958,0.03028,1,1,0.055556
-1.4317,-1.2501,3.4925,1.2579,0.12693,0.070391,0.070391,0.05859,0.5,1,0.074074
-1.4317,-1.2501,6.1687,1.1236,0.32798,0.06563,0.06563,0.021233,0.5,1,0.074074
-1.4317,-1.0501,3.3853,1.2453,0.022089,0.026178,0.026178,0.031024,0.18182,1,0.067901
-1.4317,-1.0501,0.12428,1.263,0.10234,-0.044591,-0.044591,0.026777,0.36364,1,0.067901
-1.4317,-0.85007,4.7596,1.1619,2.5505,-0.070179,-0.070179,0.10655,1,1,0.074074
-1.4317,-0.65007,5.7755,1.1086,0.18113,0.11413,0.11413,0.10112,0.66667,1,0.074074
-1.4317,-0.65007,3.0511,1.38,0.072529,-0.011096,-0.011096,0.0026022,0.25,1,0.074074
-1.4317,-0.45007,6.0266,1.2739,0.11787,0.034173,0.034173,0.072111,0.73684,1,0.11728
-1.4317,-0.45007,2.9769,1.3384,0.00013953,0.00013725,0.00013725,0.00025544,0.15789,1,0.11728
-1.4317,-0.25007,3.0515,1.3477,0.0097527,-0.00071354,-0.00071354,0.020166,0.48,1,0.15432
-1.4317,-0.25007,6.2217,1.3185,0.0040628,0.0028699,0.0028699,0.0020273,0.08,1,0.15432
-1.4317,-0.05007,6.1713,1.4102,0.0048589,0.0016231,0.0016231,0.024846,0.3913,1,0.14198
-1.4317,-0.05007,3.1128,1.3221,0.011963,-0.0023677,-0.0023677,0.042598,0.6087,1,0.14198
-1.4317,1.1499,3.3193,1.2766,0.00028844,-0.0019464,-0.0019464,0.017613,0.6,1,0.030864
-1.4317,1.3499,0.14684,1.301,0.081168,-0.03258,-0.03258,0.069281,0.52381,1,0.12963
-1.4317,1.3499,3.1971,1.247,0.034856,0.014135,0.014135,0.058181,0.47619,1,0.12963
-1.4317,1.5499,3.1168,1.3281,0.034151,0.0068466,0.0068466,0.041631,0.6129,1,0.19136
-1.4317,1.5499,0.2148,1.2424,0.22509,-0.085712,-0.085712,0.07357,0.3871,1,0.19136
-1.4317,1.7499,0.17856,1.1954,0.12051,-0.055247,-0.055247,0.036619,0.54545,1,0.1358
-1.4317,1.7499,3.0301,1.4138,0.042218,0.0091194,0.0091194,0.022393,0.45455,1,0.1358
-1.4317,1.9499,0.43162,1.1748,0.25855,-0.14471,-0.14471,0.10323,0.5625,1,0.098765
-1.4317,1.9499,3.0367,1.4289,0.061658,-0.0037986,-0.0037986,0.022155,0.4375,1,0.098765
-1.4317,2.1499,3.3792,1.1777,0.17594,-0.056679,-0.056679,0.037572,0.38889,1,0.11111
-1.4317,2.1499,0.53039,1.1651,0.38692,-0.18646,-0.18646,0.12084,0.61111,1,0.11111
-1.4317,2.3499,3.5151,1.1441,0.08323,-0.05326,-0.05326,0.040074,0.4,1,0.12346
-1.4317,2.3499,0.66721,1.1115,0.4473,-0.22666,-0.22666,0.1942,0.6,1,0.12346
-1.4317,2.5499,3.3924,1.2286,0.14726,-0.053653,-0.053653,0.030484,0.42105,1,0.11728
-1.4317,2.5499,0.57021,1.2223,0.013479,-0.013691,-0.013691,0.013906,0.10526,1,0.11728
-1.4317,2.7499,1.38,1.0091,1.69,-0.064563,-0.064563,0.15532,1,1,0.08642
-1.4317,2.9499,3.2964,1.1898,0.11179,-0.023199,-0.023199,0.015393,0.55556,1,0.055556
-1.4317,2.9499,0.4451,1.0294,0.15725,0.010701,0.010701,0.01244,0.44444,1,0.055556
-1.4317,3.1499,3.6065,0.9485,0.13916,-0.16139,-0.16139,0.21391,0.625,1,0.049383
-1.2317,-3.8501,3.052,0.20946,2.0466,0.12555,0.12555,0.047351,1,1,0.29012
-1.2317,-3.6501,2.9758,0.26963,3.499,0.15693,0.15693,0.091689,1,1,0.67284
-1.2317,-3.4501,4.9735,0.39386,3.6107,-0.11879,-0.11879,0.17525,1,1,0.49383
-1.2317,-3.2501,5.5074,0.55282,3.0165,-0.19009,-0.19009,0.17725,1,1,0.25309
-1.2317,-3.0501,1.594,0.70139,1.2983,0.19146,0.19146,0.12247,0.78396,1,0.14198
-1.2317,-3.0501,4.9807,1.122,0.21647,0.059974,0.059974,0.016902,0.21604,1,0.14198
-1.2317,-2.8501,5.9636,0.92157,2.0097,-0.34227,-0.34227,0.15351,0.7558,1,0.092593
-1.2317,-2.8501,0.88279,0.62039,0.11943,-0.032901,-0.032901,0.0095232,0.2442,1,0.092593
-1.2317,-2.6501,0.84174,0.89419,3.29,-0.40613,-0.40613,0.071576,1,1,0.08642
-1.2317,-2.4501,5.5028,0.99866,4.4514,0.058212,0.058212,0.069833,1,1,0.092593
-1.2317,-2.2501,5.6682,1.2195,1.9364,0.06554,0.06554,0.022925,1,1,0.08642
-1.2317,-2.0501,0.17027,1.339,0.0054473,-0.00083373,-0.00083373,0.00239,0.29243,1,0.061728
-1.2317,-2.0501,5.0971,1.237,2.3019,-0.14478,-0.14478,0.021292,0.70757,1,0.061728
-1.2317,-1.8501,4.7105,1.0991,1.8768,-0.10474,-0.10474,0.046678,0.81818,1,0.067901
-1.2317,-1.8501,0.82006,1.0292,0.0075126,-0.0027823,-0.0027823,0.0010304,0.18182,1,0.067901
-1.2317,-1.6501,6.0815,1.1487,6.5492,0.45183,0.45183,0.052119,1,1,0.074074
-1.2317,-1.4501,4.9605,1.2876,1.867,-0.065857,-0.065857,0.027772,1,1,0.067901
-1.2317,-1.2501,0.40684,1.2469,0.15753,-0.012724,-0.012724,0.0067743,0.31575,1,0.11728
-1.2317,-1.2501,3.9884,0.97131,0.74406,-0.32813,-0.32813,0.32736,0.68425,1,0.11728
-1.2317,-1.0501,3.3334,1.3659,0.044937,0.017785,0.017785,0.024878,0.46094,1,0.16049
-1.2317,-1.0501,5.8098,0.89585,1.1714,0.29283,0.29283,0.26334,0.53906,1,0.16049
-1.2317,-0.85007,3.2102,1.3633,0.27824,0.00067244,0.00067244,0.010564,0.50063,1,0.11111
-1.2317,-0.85007,6.137,1.071,0.36953,0.10369,0.10369,0.1367,0.49937,1,0.11111
-1.2317,-0.65007,6.0689,1.385,0.021315,-0.0014176,-0.0014176,0.010251,0.41128,1,0.074074
-1.2317,-0.65007,2.0967,1.2274,1.976,0.16533,0.16533,0.020181,0.58872,1,0.074074
-1.2317,-0.45007,2.5727,1.314,3.948,0.1648,0.1648,0.015528,1,1,0.092593
-1.2317,-0.25007,6.209,1.3652,0.0050959,-0.0045849,-0.0045849,0.046913,0.41667,1,0.14815
-1.2317,-0.25007,3.074,1.3675,0.013042,-0.0017492,-0.0017492,0.009138,0.54167,1,0.14815
-1.2317,-0.05007,3.1381,1.339,0.019171,-0.0022009,-0.0022009,0.039432,0.61905,1,0.12963
-1.2317,-0.05007,6.2602,1.4329,0.0039827,0.0060519,0.0060519,0.0094115,0.19048,1,0.12963
-1.2317,0.14993,3.149,1.3231,0.014606,0.0037755,0.0037755,0.095955,0.57143,1,0.04321
-1.2317,1.3499,0.10189,1.3773,0.066712,-0.016318,-0.016318,0.057066,0.59091,1,0.1358
-1.2317,1.3499,3.1742,1.1165,0.12805,0.019018,0.019018,0.041572,0.40909,1,0.1358
-1.2317,1.5499,3.1359,1.3764,0.07757,-0.0070621,-0.0070621,0.037553,0.52941,1,0.20988
-1.2317,1.5499,0.058032,1.3753,0.063126,-0.027426,-0.027426,0.047294,0.47059,1,0.20988
-1.2317,1.7499,3.03,1.3798,0.027792,-0.0052638,-0.0052638,0.034514,0.57143,1,0.17284
-1.2317,1.7499,0.081097,1.2847,0.023825,-0.014206,-0.014206,0.035807,0.42857,1,0.17284
-1.2317,1.9499,0.11046,1.3481,0.033803,0.00022824,0.00022824,0.015171,0.47619,1,0.12963
-1.2317,1.9499,2.9864,1.3526,0.055156,-0.0074544,-0.0074544,0.016686,0.52381,1,0.12963
-1.2317,2.1499,1.7629,1.3471,3.7091,-0.091633,-0.091633,0.020604,1,1,0.098765
-1.2317,2.3499,3.4961,1.2328,0.17388,-0.093841,-0.093841,0.057301,0.55,1,0.12346
-1.2317,2.3499,0.21268,1.3563,0.13438,0.012131,0.012131,0.027051,0.45,1,0.12346
-1.2317,2.5499,0.30347,1.319,0.1746,-0.014817,-0.014817,0.044888,0.4,1,0.092593
-1.2317,2.5499,3.4864,1.0938,0.16011,-0.063562,-0.063562,0.04025,0.6,1,0.092593
-1.2317,2.7499,3.1852,1.1642,0.11355,-0.033252,-0.033252,0.022472,0.41176,1,0.10494
-1.2317,2.7499,0.007872,1.0515,0.45488,0.21709,0.21709,0.18367,0.58824,1,0.10494
-1.2317,2.9499,1.1403,1.2326,1.6757,0.037918,0.037918,0.035681,0.33381,1,0.12963
-1.2317,2.9499,4.3103,0.15033,1.531,0.013846,0.013846,0.0083556,0.52381,1,0.12963
-1.2317,2.9499,3.6305,1.0817,0.020981,-0.0073879,-0.0073879,0.0026715,0.14238,1,0.12963
-1.2317,3.1499,4.3695,0.35834,2.1248,0.079917,0.079917,0.11642,1,1,0.08642
-1.2317,3.5499,1.0299,0.2322,0.0047741,-0.0034641,-0.0034641,0.0025135,0.4,1,0.030864
-1.0317,-4.0501,2.8184,0.13507,0.092818,-0.024943,-0.024943,0.0067027,0.5,1,0.024691
-1.0317,-3.8501,3.6025,0.27471,2.6425,0.11356,0.11356,0.062089,1,1,0.46914
-1.0317,-3.6501,2.4262,0.26997,4.2446,0.22684,0.22684,0.092272,1,1,0.87654
-1.0317,-3.4501,0.81959,0.36184,4.9513,-0.52585,-0.52585,0.17845,1,1,0.61111
-1.0317,-3.2501,4.2175,1.2436,0.29399,-0.043814,-0.043814,0.0067884,0.19923,1,0.17901
-1.0317,-3.2501,1.485,0.62163,4.0921,-0.58386,-0.58386,0.17607,0.80077,1,0.17901
-1.0317,-3.0501,2.8735,0.74057,2.7862,0.025179,0.025179,0.17614,1,1,0.12346
-1.0317,-2.8501,4.0034,0.96755,3.4941,0.17152,0.17152,0.024613,1,1,0.080247
-1.0317,-2.6501,0.37139,0.91659,3.1178,-0.30325,-0.30325,0.054324,1,1,0.049383
-1.0317,-2.4501,6.1238,1.0536,4.0761,-0.41582,-0.41582,0.06585,1,1,0.08642
-1.0317,-2.2501,0.31688,1.2322,0.0092717,-0.010252,-0.010252,0.015036,0.33173,1,0.074074
-1.0317,-2.2501,2.9181,1.1282,1.4667,0.1814,0.1814,0.051804,0.66827,1,0.074074
-1.0317,-2.0501,0.17994,1.0243,3.5024,0.40786,0.40786,0.094792,1,1,0.055556
-1.0317,-1.8501,0.48088,1.1441,0.034555,-0.055956,-0.055956,0.09061,0.16667,1,0.074074
-1.0317,-1.8501,3.5234,1.3047,0.032482,0.032229,0.032229,0.19803,0.58333,1,0.074074
-1.0317,-1.6501,1.0751,1.1933,4.0873,0.4834,0.4834,0.12494,1,1,0.080247
-1.0317,-1.4501,6.2814,1.0536,0.87202,0.28053,0.28053,0.13003,0.7,1,0.061728
-1.0317,-1.4501,3.6181,1.153,0.032537,0.015067,0.015067,0.056978,0.3,1,0.061728
-1.0317,-1.2501,6.1942,0.96051,0.51527,0.18083,0.18083,0.20481,0.55082,1,0.12346
-1.0317,-1.2501,3.3392,1.3433,0.28464,0.017382,0.017382,0.03404,0.44918,1,0.12346
-1.0317,-1.0501,3.4071,1.3335,0.2952,0.0034763,0.0034763,0.024682,0.52292,1,0.12963
-1.0317,-1.0501,5.634,0.68154,0.75079,0.28661,0.28661,0.26648,0.47708,1,0.12963
-1.0317,-0.85007,3.2669,1.4121,0.70274,0.048485,0.048485,0.019451,0.47423,1,0.11728
-1.0317,-0.85007,6.2163,1.3165,0.064683,-0.020987,-0.020987,0.018577,0.52577,1,0.11728
-1.0317,-0.65007,5.7262,1.3776,2.3133,-0.072199,-0.072199,0.012872,1,1,0.092593
-1.0317,-0.45007,3.4026,1.3645,6.7818,-0.27507,-0.27507,0.015191,1,1,0.11728
-1.0317,-0.25007,6.1612,1.3541,0.59436,-0.064364,-0.064364,0.02286,0.57145,1,0.12963
-1.0317,-0.25007,3.1137,1.3228,0.020399,-0.010711,-0.010711,0.019517,0.42855,1,0.12963
-1.0317,-0.05007,6.2575,1.3895,0.009579,0.0051882,0.0051882,0.043422,0.4,1,0.12346
-1.0317,-0.05007,3.0897,1.358,0.37314,-0.0099563,-0.0099563,0.039917,0.6,1,0.12346
-1.0317,0.14993,4.2371,1.299,9.1652,-0.75778,-0.75778,0.067576,1,1,0.04321
-1.0317,1.1499,2.8872,1.0551,0.13556,0.1039,0.1039,0.10191,0.7,1,0.061728
-1.0317,1.3499,0.12074,1.3597,0.023668,0.0031717,0.0031717,0.056863,0.33333,1,0.12963
-1.0317,1.3499,3.0647,1.26,0.099102,0.0063149,0.0063149,0.039607,0.66667,1,0.12963
-1.0317,1.5499,3.0537,1.3725,0.03492,0.0053932,0.0053932,0.035292,0.51724,1,0.17901
-1.0317,1.5499,0.078371,1.3043,0.055428,-0.026283,-0.026283,0.060678,0.48276,1,0.17901
-1.0317,1.7499,0.11522,1.2748,0.05321,-0.020015,-0.020015,0.03329,0.58333,1,0.14815
-1.0317,1.7499,3.1093,1.4502,0.10503,-0.014448,-0.014448,0.017561,0.41667,1,0.14815
-1.0317,1.9499,0.084052,1.2924,0.055387,9.6536e-05,9.6536e-05,0.011346,0.57895,1,0.11728
-1.0317,1.9499,3.0288,1.3436,0.034848,-0.0073756,-0.0073756,0.013783,0.42105,1,0.11728
-1.0317,2.1499,3.1473,1.4062,0.046197,-0.0069844,-0.0069844,0.014048,0.57143,1,0.08642
-1.0317,2.1499,0.11652,1.2926,0.10764,0.0026247,0.0026247,0.017465,0.42857,1,0.08642
-1.0317,2.3499,0.38455,1.2061,0.0098882,0.0082181,0.0082181,0.006897,0.23077,1,0.080247
-1.0317,2.3499,3.4071,1.2247,0.28385,-0.12749,-0.12749,0.068719,0.69231,1,0.080247
-1.0317,2.5499,3.4511,1.092,0.26992,-0.087894,-0.087894,0.04236,0.71429,1,0.08642
-1.0317,2.5499,0.03266,1.2422,0.034678,-0.0095747,-0.0095747,0.0077341,0.28571,1,0.08642
-1.0317,2.7499,0.15078,1.2019,0.11349,0.0082053,0.0082053,0.011773,0.35294,1,0.10494
-1.0317,2.7499,3.6654,0.95194,0.58477,-0.20482,-0.20482,0.093293,0.64706,1,0.10494
-1.0317,2.9499,0.51578,1.0243,0.019765,0.0086359,0.0086359,0.037003,0.35126,1,0.10494
-1.0317,2.9499,4.3374,0.64469,1.0351,-0.16114,-0.16114,0.19907,0.64874,1,0.10494
-1.0317,3.1499,0.45019,1.0324,0.03905,-0.0013345,-0.0013345,0.023382,0.27723,1,0.11111
-1.0317,3.1499,3.8757,0.46057,0.94557,-0.1298,-0.1298,0.12503,0.72277,1,0.11111
-1.0317,3.3499,5.6211,0.40956,4.0323,-0.11368,-0.11368,0.1493,1,1,0.11728
-1.0317,3.5499,0.2233,0.16486,1.772,0.059412,0.059412,0.012947,1,1,0.080247
-0.83174,-4.0501,4.361,0.224,1.8802,-0.0093143,-0.0093143,0.054289,1,1,0.074074
-0.83174,-3.8501,4.4307,0.17543,3.5523,0.078156,0.078156,0.027024,0.93204,1,0.45679
-0.83174,-3.8501,4.6114,0.9956,0.36253,-0.055372,-0.055372,0.013829,0.067959,1,0.45679
-0.83174,-3.6501,0.46637,0.3458,4.2763,-0.38898,-0.38898,0.11448,1,1,0.62963
-0.83174,-3.4501,1.7895,0.42042,3.0092,0.28704,0.28704,0.15622,1,1,0.41975
-0.83174,-3.2501,1.6841,0.43063,1.7422,0.045945,0.045945,0.13754,0.92789,1,0.24691
-0.83174,-3.2501,4.4126,1.2224,0.10409,0.019021,0.019021,0.0080415,0.072106,1,0.24691
-0.83174,-3.0501,1.1146,0.34362,2.1432,0.055405,0.055405,0.13827,0.89196,1,0.26543
-0.83174,-3.0501,4.4374,1.2404,0.1509,-0.044396,-0.044396,0.026966,0.10804,1,0.26543
-0.83174,-2.8501,2.1565,0.44017,3.9306,0.67338,0.67338,0.22477,0.73207,1,0.19136
-0.83174,-2.8501,0.88526,1.006,0.24673,-0.05484,-0.05484,0.017766,0.26793,1,0.19136
-0.83174,-2.6501,0.96462,0.74357,0.23032,-0.10143,-0.10143,0.17254,0.5625,1,0.098765
-0.83174,-2.6501,4.0621,0.75153,0.28879,0.052547,0.052547,0.10896,0.4375,1,0.098765
-0.83174,-2.4501,3.5807,0.8896,3.384,0.47422,0.47422,0.18209,1,1,0.098765
-0.83174,-2.2501,1.6772,0.87225,5.947,-0.85824,-0.85824,0.18214,1,1,0.10494
-0.83174,-2.0501,5.7929,1.1357,1.2475,-0.0049735,-0.0049735,0.071349,0.68236,1,0.1358
-0.83174,-2.0501,3.2468,0.28733,0.97437,-0.026361,-0.026361,0.0042873,0.31764,1,0.1358
-0.83174,-1.8501,5.9952,1.0295,3.2544,-0.57686,-0.57686,0.20294,1,1,0.12346
-0.83174,-1.6501,4.1334,1.0838,3.2454,-0.24586,-0.24586,0.11975,1,1,0.067901
-0.83174,-1.4501,3.4895,1.3416,0.041465,-0.011608,-0.011608,0.0058424,0.55556,1,0.055556
-0.83174,-1.2501,1.9035,1.2953,1.8022,0.058666,0.058666,0.021981,1,1,0.074074
-0.83174,-1.0501,3.3252,1.3127,0.034236,0.003837,0.003837,0.015773,0.41527,1,0.11728
-0.83174,-1.0501,6.2741,1.2739,1.1682,-0.051564,-0.051564,0.01783,0.58473,1,0.11728
-0.83174,-0.85007,6.2829,1.2607,0.065379,-0.021986,-0.021986,0.016532,0.4375,1,0.098765
-0.83174,-0.85007,3.4822,1.4089,0.23375,-0.015782,-0.015782,0.016071,0.5625,1,0.098765
-0.83174,-0.65007,3.2597,1.3073,0.7695,0.045663,0.045663,0.01712,0.57204,1,0.08642
-0.83174,-0.65007,0.010011,1.3093,0.023464,-0.011468,-0.011468,0.012012,0.42796,1,0.08642
-0.83174,-0.45007,3.1531,1.3464,0.07578,-0.0060858,-0.0060858,0.014319,0.5,1,0.1358
-0.83174,-0.45007,6.2167,1.3622,0.0062043,-0.00056981,-0.00056981,0.026237,0.5,1,0.1358
-0.83174,-0.25007,3.1108,1.3428,0.012194,-0.0083817,-0.0083817,0.025552,0.40741,1,0.16667
-0.83174,-0.25007,6.2164,1.3841,0.0070118,-0.0035059,-0.0035059,0.031792,0.51852,1,0.16667
-0.83174,-0.05007,0.0092913,1.3635,0.005886,-0.0048793,-0.0048793,0.038828,0.36364,1,0.1358
-0.83174,-0.05007,3.2098,1.3236,0.020789,0.00099796,0.00099796,0.025738,0.59091,1,0.1358
-0.83174,0.14993,2.3847,1.3222,2.1388,0.08703,0.08703,0.03724,1,1,0.061728
-0.83174,1.1499,1.9286,0.96123,1.4483,0.0025062,0.0025062,0.17494,1,1,0.049383
-0.83174,1.3499,2.9933,1.3577,0.03704,0.0051196,0.0051196,0.027059,0.66667,1,0.11111
-0.83174,1.5499,3.031,1.402,0.040523,-0.0017191,-0.0017191,0.03058,0.6,1,0.15432
-0.83174,1.5499,0.086686,1.3351,0.018634,0.0052067,0.0052067,0.03362,0.4,1,0.15432
-0.83174,1.7499,3.109,1.3782,0.07515,-0.00092011,-0.00092011,0.029375,0.51852,1,0.16667
-0.83174,1.7499,0.12945,1.1532,0.056553,-0.030184,-0.030184,0.092331,0.48148,1,0.16667
-0.83174,1.9499,0.052843,1.286,0.089979,-0.023118,-0.023118,0.034186,0.5,1,0.12346
-0.83174,1.9499,3.1164,1.3099,0.081925,-0.0012618,-0.0012618,0.04001,0.5,1,0.12346
-0.83174,2.1499,3.217,1.4618,0.00062876,-0.0010043,-0.0010043,0.001604,0.5,1,0.024691
-0.83174,2.3499,3.1848,1.3497,0.030092,-0.005123,-0.005123,0.0085171,0.64286,1,0.08642
-0.83174,2.5499,3.2344,1.162,0.17732,-0.071164,-0.071164,0.051597,0.73333,1,0.092593
-0.83174,2.5499,0.12164,1.2964,0.1118,0.020382,0.020382,0.01537,0.26667,1,0.092593
-0.83174,2.7499,4.6405,0.94117,2.9523,0.29069,0.29069,0.12371,1,1,0.12963
-0.83174,2.9499,4.2322,0.61408,4.9284,0.76146,0.76146,0.24449,1,1,0.2284
-0.83174,3.1499,2.4604,0.44751,2.5655,-0.13387,-0.13387,0.16253,1,1,0.20988
-0.83174,3.3499,2.3518,0.43559,3.6663,0.40153,0.40153,0.10159,1,1,0.11728
-0.83174,3.5499,1.0396,0.18867,2.1437,0.21059,0.21059,0.032957,1,1,0.049383
-0.63174,-3.8501,4.1843,0.19127,3.8922,0.022464,0.022464,0.064573,1,1,0.16049
-0.63174,-3.6501,3.9075,0.18141,0.16676,-0.013049,-0.013049,0.028523,0.2999,1,0.29012
-0.63174,-3.6501,0.15912,0.39351,1.8267,-0.2609,-0.2609,0.13443,0.7001,1,0.29012
-0.63174,-3.4501,1.424,0.35323,1.1257,-0.16972,-0.16972,0.088996,0.6327,1,0.21605
-0.63174,-3.4501,3.8158,0.83162,0.033298,-0.036789,-0.036789,0.12464,0.3673,1,0.21605
-0.63174,-3.2501,1.0541,0.42417,1.5295,-0.021148,-0.021148,0.13304,0.81346,1,0.19753
-0.63174,-3.2501,3.853,1.2626,0.039723,-0.026053,-0.026053,0.022569,0.18654,1,0.19753
-0.63174,-3.0501,1.7463,0.55785,3.3733,0.39903,0.39903,0.23406,1,1,0.21605
-0.63174,-2.8501,0.93889,0.70511,0.30388,0.015573,0.015573,0.15463,0.60002,1,0.15432
-0.63174,-2.8501,3.9751,0.77743,0.16198,0.075715,0.075715,0.20676,0.39998,1,0.15432
-0.63174,-2.6501,4.4429,0.66479,0.073136,0.04825,0.04825,0.049298,0.17993,1,0.098765
-0.63174,-2.6501,0.88069,0.80323,1.4758,-0.30399,-0.30399,0.18683,0.82007,1,0.098765
-0.63174,-2.4501,1.0878,1.0605,0.16224,-0.001943,-0.001943,0.0041114,0.30668,1,0.098765
-0.63174,-2.4501,3.6919,0.77237,1.6549,0.28656,0.28656,0.16001,0.69332,1,0.098765
-0.63174,-2.2501,3.9612,1.3027,0.21501,-0.027724,-0.027724,0.017606,0.22591,1,0.19136
-0.63174,-2.2501,5.0148,0.2686,2.4819,-0.013123,-0.013123,0.039362,0.54833,1,0.19136
-0.63174,-2.2501,0.90163,1.1336,0.2246,-0.028137,-0.028137,0.016524,0.22576,1,0.19136
-0.63174,-2.0501,5.5954,0.45487,2.8732,0.21081,0.21081,0.15302,0.78395,1,0.16049
-0.63174,-2.0501,3.7412,1.2912,0.11825,0.0054264,0.0054264,0.016631,0.21605,1,0.16049
-0.63174,-1.8501,5.1081,1.003,1.4511,-0.32243,-0.32243,0.16534,1,1,0.074074
-0.63174,-1.4501,2.4412,1.2475,13.109,0.71824,0.71824,0.046496,1,1,0.080247
-0.63174,-1.2501,0.0052194,1.4126,0.022205,-0.0069436,-0.0069436,0.012273,0.36277,1,0.067901
-0.63174,-1.2501,3.2616,1.3033,0.82167,0.0059341,0.0059341,0.017019,0.63723,1,0.067901
-0.63174,-1.0501,3.1124,1.3026,4.8609,0.09873,0.09873,0.014415,1,1,0.098765
-0.63174,-0.85007,3.3845,1.3897,0.028174,0.010607,0.010607,0.027607,0.52381,1,0.12963
-0.63174,-0.85007,6.1508,1.327,0.026226,-0.0097043,-0.0097043,0.0089712,0.42857,1,0.12963
-0.63174,-0.65007,0.03839,1.3218,0.0019097,-0.00088383,-0.00088383,0.00040905,0.14286,1,0.08642
-0.63174,-0.65007,2.973,1.343,1.5478,0.029986,0.029986,0.016905,0.85714,1,0.08642
-0.63174,-0.45007,3.0572,1.3514,0.0061672,-0.0027387,-0.0027387,0.0064666,0.5,1,0.08642
-0.63174,-0.25007,4.2603,1.3677,2.7853,0.13702,0.13702,0.030322,1,1,0.11728
-0.63174,-0.05007,6.2686,1.4366,0.010764,-0.0085963,-0.0085963,0.049295,0.375,1,0.098765
-0.63174,-0.05007,3.2488,1.352,0.0093047,-0.00467,-0.00467,0.023976,0.5625,1,0.098765
-0.63174,0.14993,4.6818,1.4762,1.622,0.028484,0.028484,0.00050523,0.27273,1,0.067901
-0.63174,0.74993,1.567,0.73798,0.12869,-0.11224,-0.11224,0.20661,0.83333,1,0.037037
-0.63174,0.94993,2.7797,1.0574,1.2248,0.22586,0.22586,0.13017,1,1,0.030864
-0.63174,1.1499,1.9059,1.1838,1.6955,0.028213,0.028213,0.066505,1,1,0.067901
-0.63174,1.3499,2.9939,1.333,0.0044138,-0.0025781,-0.0025781,0.02442,0.5,1,0.18519
-0.63174,1.3499,0.024619,1.3597,0.34835,-0.030283,-0.030283,0.07541,0.5,1,0.18519
-0.63174,1.5499,2.9841,1.4475,0.01656,-0.014577,-0.014577,0.045361,0.44828,1,0.17901
-0.63174,1.5499,0.090373,1.3317,0.019168,0.0065606,0.0065606,0.027286,0.41379,1,0.17901
-0.63174,1.7499,3.057,1.3916,0.04018,0.0041829,0.0041829,0.039115,0.46667,1,0.18519
-0.63174,1.7499,0.20253,1.1154,0.24246,-0.06018,-0.06018,0.12167,0.53333,1,0.18519
-0.63174,1.9499,3.2456,1.2854,0.33386,-0.037515,-0.037515,0.04034,0.48158,1,0.16667
-0.63174,1.9499,0.27862,1.1355,0.16051,-0.076894,-0.076894,0.11524,0.51842,1,0.16667
-0.63174,2.1499,3.4205,1.3116,0.46171,-0.09809,-0.09809,0.03465,0.63158,1,0.11728
-0.63174,2.1499,0.23328,1.2909,0.052566,-0.020442,-0.020442,0.023031,0.36842,1,0.11728
-0.63174,2.3499,0.16265,1.2324,0.033828,-0.021508,-0.021508,0.057973,0.52941,1,0.10494
-0.63174,2.3499,3.223,1.3786,0.0010517,0.00093463,0.00093463,0.0059495,0.29412,1,0.10494
-0.63174,2.5499,0.022009,1.1032,0.78372,-0.025668,-0.025668,0.060167,0.68548,1,0.11728
-0.63174,2.5499,3.1694,1.2821,0.05086,-0.013377,-0.013377,0.013124,0.31452,1,0.11728
-0.63174,2.7499,3.6968,0.6382,5.3147,-0.55378,-0.55378,0.23314,1,1,0.19753
-0.63174,2.9499,3.2332,0.40738,5.0821,0.49839,0.49839,0.13947,1,1,0.30864
-0.63174,3.1499,3.3663,0.13957,2.8028,0.017648,0.017648,0.0077676,0.55894,1,0.38889
-0.63174,3.1499,4.4791,0.63345,4.0144,0.44702,0.44702,0.12811,0.44106,1,0.38889
-0.63174,3.3499,2.7633,0.30273,3.2096,-0.13723,-0.13723,0.079481,1,1,0.27778
-0.63174,3.5499,6.2146,0.25996,6.3324,-0.58056,-0.58056,0.070869,1,1,0.098765
-0.43174,-3.6501,5.4683,0.40314,1.8745,-0.062749,-0.062749,0.1005,1,1,0.061728
-0.43174,-3.4501,3.8001,0.99909,0.019131,-0.0099677,-0.0099677,0.032106,0.3579,1,0.15432
-0.43174,-3.4501,1.011,0.38159,1.2601,-0.094894,-0.094894,0.09144,0.44229,1,0.15432
-0.43174,-3.4501,4.1053,0.22064,0.021673,-0.014321,-0.014321,0.0095363,0.19981,1,0.15432
-0.43174,-3.2501,4.901,0.86,4.0585,-0.61089,-0.61089,0.13783,0.85025,1,0.12346
-0.43174,-3.2501,0.82922,0.42706,0.30443,0.058671,0.058671,0.011307,0.14975,1,0.12346
-0.43174,-3.0501,3.7197,0.83747,0.75495,0.065788,0.065788,0.20441,0.64815,1,0.10494
-0.43174,-3.0501,0.64173,0.80279,0.0416,-0.059268,-0.059268,0.1544,0.35185,1,0.10494
-0.43174,-2.8501,4.0295,0.91212,0.0541,-0.030028,-0.030028,0.093479,0.38889,1,0.11111
-0.43174,-2.8501,0.81148,0.79235,0.17073,0.0014337,0.0014337,0.16899,0.61111,1,0.11111
-0.43174,-2.6501,3.9505,0.72763,0.0068242,6.6235e-05,6.6235e-05,0.00067963,0.25,1,0.074074
-0.43174,-2.6501,0.53424,1.0305,0.01709,-0.02684,-0.02684,0.10158,0.41667,1,0.074074
-0.43174,-2.4501,1.6934,1.0381,4.1894,-0.45911,-0.45911,0.057178,1,1,0.08642
-0.43174,-2.2501,0.15693,0.81777,1.1635,0.13298,0.13298,0.1957,0.7942,1,0.11728
-0.43174,-2.2501,3.6226,1.0665,0.030991,-0.051159,-0.051159,0.11052,0.2058,1,0.11728
-0.43174,-2.0501,3.0448,0.85576,5.1983,-0.8986,-0.8986,0.25729,1,1,0.12346
-0.43174,-1.8501,1.1425,1.1537,3.0823,-0.34274,-0.34274,0.07873,1,1,0.080247
-0.43174,-1.6501,0.72891,1.291,0.32467,-0.0064415,-0.0064415,0.0001278,0.25,1,0.049383
-0.43174,-1.4501,0.25236,1.3591,0.01389,-0.0041211,-0.0041211,0.007072,0.28566,1,0.08642
-0.43174,-1.4501,3.4786,1.2992,0.62053,0.062461,0.062461,0.078867,0.71434,1,0.08642
-0.43174,-1.2501,3.8119,1.3755,1.3575,0.12451,0.12451,0.035441,0.71582,1,0.08642
-0.43174,-1.2501,0.15147,1.264,0.017488,-0.00053212,-0.00053212,0.0091196,0.28418,1,0.08642
-0.43174,-1.0501,2.9381,1.3272,4.0531,0.19993,0.19993,0.01744,1,1,0.08642
-0.43174,-0.85007,5.5057,1.362,2.6864,-0.11398,-0.11398,0.018704,1,1,0.14815
-0.43174,-0.65007,0.22682,1.3439,0.19369,-0.013475,-0.013475,0.0072558,0.526,1,0.11728
-0.43174,-0.65007,3.5278,1.4255,0.33699,0.035824,0.035824,0.024963,0.474,1,0.11728
-0.43174,-0.45007,3.4341,1.358,0.27919,-0.013548,-0.013548,0.017409,0.47619,1,0.12963
-0.43174,-0.45007,0.036925,1.3538,0.025705,-0.0043339,-0.0043339,0.019102,0.52381,1,0.12963
-0.43174,-0.25007,0.0047432,1.3481,0.006385,-0.0020124,-0.0020124,0.031829,0.46121,1,0.16049
-0.43174,-0.25007,3.1264,1.3246,0.72515,0.018691,0.018691,0.019038,0.53879,1,0.16049
-0.43174,-0.05007,3.0973,1.3831,5.6894,0.42543,0.42543,0.049592,1,1,0.10494
-0.43174,0.14993,3.7539,1.3646,2.3002,0.12489,0.12489,0.058393,1,1,0.08642
-0.43174,0.34993,3.0448,1.1944,1.9631,0.14304,0.14304,0.089175,1,1,0.049383
-0.43174,0.74993,4.7782,1.4798,0.00015048,-0.00089182,-0.00089182,0.017744,0.5,1,0.037037
-0.43174,1.1499,2.9015,1.3354,0.019168,0.0086248,0.0086248,0.018519,0.66667,1,0.092593
-0.43174,1.3499,2.9322,1.3494,0.016254,-0.0095236,-0.0095236,0.041161,0.5511,1,0.17901
-0.43174,1.3499,6.163,1.3044,0.85928,-0.088411,-0.088411,0.074329,0.4489,1,0.17901
-0.43174,1.5499,0.072969,1.3672,0.024101,0.0021848,0.0021848,0.040122,0.39259,1,0.2037
-0.43174,1.5499,2.717,1.3596,0.64711,0.073644,0.073644,0.050995,0.60741,1,0.2037
-0.43174,1.7499,0.31515,1.2072,0.96231,-0.077276,-0.077276,0.06055,0.72466,1,0.17901
-0.43174,1.7499,3.1432,1.4581,0.033449,-0.0060686,-0.0060686,0.0052567,0.27534,1,0.17901
-0.43174,1.9499,5.5422,1.1742,3.3432,-0.27617,-0.27617,0.077505,1,1,0.15432
-0.43174,2.1499,4.6664,1.158,4.5316,-0.47517,-0.47517,0.094463,1,1,0.1358
-0.43174,2.3499,1.1991,1.0681,3.776,0.20758,0.20758,0.074193,1,1,0.12346
-0.43174,2.5499,5.2672,0.75929,4.3902,-0.47069,-0.47069,0.19245,1,1,0.21605
-0.43174,2.7499,4.8153,0.60757,2.6442,-0.16942,-0.16942,0.18099,1,1,0.29012
-0.43174,2.9499,4.6808,0.3265,2.7,-0.19445,-0.19445,0.12478,1,1,0.32716
-0.43174,3.1499,3.803,0.34792,3.4826,-0.3853,-0.3853,0.13216,1,1,0.65432
-0.43174,3.3499,3.3128,0.24345,4.5348,0.26915,0.26915,0.070424,1,1,0.7284
-0.43174,3.5499,2.1244,0.20035,2.8664,-0.035617,-0.035617,0.044217,1,1,0.30864
-0.23174,-3.6501,4.9215,0.17394,3.4071,-0.23814,-0.23814,0.028718,1,1,0.092593
-0.23174,-3.4501,5.0342,0.17242,2.4826,-0.053562,-0.053562,0.0077171,0.75845,1,0.16049
-0.23174,-3.4501,5.5545,0.91265,1.777,0.12673,0.12673,0.069612,0.24155,1,0.16049
-0.23174,-3.2501,5.1122,0.7698,1.7682,0.00093281,0.00093281,0.10578,1,1,0.098765
-0.23174,-3.0501,3.7988,0.9208,0.0061891,-0.014298,-0.014298,0.12312,0.5,1,0.061728
-0.23174,-2.8501,0.54896,1.2686,0.021765,0.0037643,0.0037643,0.018811,0.36364,1,0.067901
-0.23174,-2.6501,3.4341,0.89749,1.6664,0.052482,0.052482,0.052068,0.61842,1,0.080247
-0.23174,-2.6501,0.49859,1.2884,0.024966,0.005703,0.005703,0.0085474,0.38158,1,0.080247
-0.23174,-2.4501,3.9009,0.81965,0.013763,0.0026924,0.0026924,0.0005267,0.2,1,0.061728
-0.23174,-2.4501,0.3827,1.2023,0.0010579,0.0026116,0.0026116,0.0064473,0.2,1,0.061728
-0.23174,-2.2501,0.62509,1.1623,0.009375,0.013033,0.013033,0.018165,0.375,1,0.049383
-0.23174,-2.0501,0.44757,1.1254,0.79256,0.038767,0.038767,0.044291,0.76924,1,0.080247
-0.23174,-2.0501,3.4656,1.2736,0.00030593,0.0018449,0.0018449,0.011181,0.23076,1,0.080247
-0.23174,-1.8501,1.3748,1.2202,6.8654,-0.32693,-0.32693,0.018696,1,1,0.080247
-0.23174,-1.6501,1.1723,1.2425,10.641,-0.53413,-0.53413,0.027515,1,1,0.04321
-0.23174,-1.2501,3.35,1.269,0.019844,0.029656,0.029656,0.067732,0.7,1,0.061728
-0.23174,-1.0501,3.2532,1.2992,0.022562,0.0032653,0.0032653,0.017106,0.53846,1,0.080247
-0.23174,-1.0501,0.049002,1.3389,0.027153,-0.0092251,-0.0092251,0.011359,0.38462,1,0.080247
-0.23174,-0.85007,3.4021,1.331,3.6497,0.16474,0.16474,0.014451,1,1,0.12963
-0.23174,-0.65007,3.4625,1.4053,0.16984,0.027734,0.027734,0.028641,0.66667,1,0.11111
-0.23174,-0.65007,0.035107,1.306,0.073145,-0.015209,-0.015209,0.082007,0.33333,1,0.11111
-0.23174,-0.45007,3.3341,1.3835,1.297,0.080013,0.080013,0.01812,0.65381,1,0.14198
-0.23174,-0.45007,6.2571,1.415,0.0014319,0.0014509,0.0014509,0.018745,0.34619,1,0.14198
-0.23174,-0.25007,3.2285,1.3185,0.011424,0.0035697,0.0035697,0.023669,0.36364,1,0.1358
-0.23174,-0.25007,0.014954,1.3359,0.0053204,-0.0037299,-0.0037299,0.061814,0.5,1,0.1358
-0.23174,-0.05007,2.7682,1.2953,5.0614,0.36629,0.36629,0.057189,1,1,0.14198
-0.23174,0.14993,3.8937,1.2714,2.4625,0.094611,0.094611,0.065267,1,1,0.11728
-0.23174,0.34993,2.2611,1.12,4.3631,0.40788,0.40788,0.071764,1,1,0.067901
-0.23174,0.54993,6.1625,1.0879,2.3061,-0.062148,-0.062148,0.1251,1,1,0.055556
-0.23174,0.74993,4.6066,1.2402,0.033696,-0.0027947,-0.0027947,0.077689,0.75,1,0.049383
-0.23174,0.94993,1.3273,1.1396,1.1794,0.0398,0.0398,0.0083303,1,1,0.024691
-0.23174,1.1499,3.4085,1.263,1.6328,-0.061801,-0.061801,0.020387,1,1,0.092593
-0.23174,1.3499,3.2476,1.3579,2.2096,-0.097265,-0.097265,0.034425,1,1,0.17284
-0.23174,1.5499,6.1441,1.3033,0.28265,0.063417,0.063417,0.051439,0.48528,1,0.17901
-0.23174,1.5499,2.704,1.3726,0.2768,0.026659,0.026659,0.022642,0.51472,1,0.17901
-0.23174,1.7499,2.9544,1.3239,1.1604,0.027513,0.027513,0.030394,0.73782,1,0.16049
-0.23174,1.7499,6.2592,1.3148,0.033814,0.015739,0.015739,0.022969,0.26218,1,0.16049
-0.23174,1.9499,0.42207,1.1662,2.0515,-0.11567,-0.11567,0.061976,0.74506,1,0.14198
-0.23174,1.9499,3.1359,1.4619,0.017003,0.0092791,0.0092791,0.0088857,0.25494,1,0.14198
-0.23174,2.1499,1.1257,1.1282,1.6311,0.11875,0.11875,0.094835,1,1,0.12963
-0.23174,2.3499,0.11451,1.0893,7.4332,0.6489,0.6489,0.080154,1,1,0.2037
-0.23174,2.5499,0.1606,0.83374,3.0053,0.26221,0.26221,0.16961,1,1,0.25309
-0.23174,2.7499,5.4696,0.59169,2.451,0.099093,0.099093,0.13818,1,1,0.26543
-0.23174,2.9499,4.2976,0.57938,2.6879,-0.26662,-0.26662,0.11697,1,1,0.29012
-0.23174,3.1499,5.286,0.14153,5.5436,-0.12702,-0.12702,0.0099153,0.60225,1,0.6358
-0.23174,3.1499,3.2833,0.70706,2.3873,-0.37271,-0.37271,0.14701,0.39775,1,0.6358
-0.23174,3.3499,2.2371,0.71082,1.8076,-0.10894,-0.10894,0.098967,0.24098,1,1
-0.23174,3.3499,2.4017,0.065667,4.9272,-0.050673,-0.050673,0.0014054,0.47209,1,1
-0.23174,3.3499,5.0238,0.20931,4.1886,-0.043283,-0.043283,0.0080939,0.28693,1,1
-0.23174,3.5499,1.0394,0.068352,4.1115,-0.011749,-0.011749,0.0013197,0.58155,1,0.47531
-0.23174,3.5499,3.5554,0.20114,0.64427,-0.023966,-0.023966,0.0086052,0.17592,1,0.47531
-0.23174,3.5499,0.46125,0.36886,0.45814,0.075072,0.075072,0.048668,0.24254,1,0.47531
-0.23174,3.7499,4.2062,0.15875,8.6507,0.32535,0.32535,0.015367,1,1,0.061728
-0.03174,-3.6501,5.5841,0.12507,1.5093,-0.033524,-0.033524,0.0035143,0.9,1,0.061728
-0.03174,-3.4501,5.5169,0.23072,2.4814,0.0078828,0.0078828,0.066632,1,1,0.24074
-0.03174,-3.2501,5.0878,0.35272,3.051,-0.015413,-0.015413,0.099347,1,1,0.20988
-0.03174,-3.0501,3.8318,0.97028,0.067567,0.0065412,0.0065412,0.1064,0.66667,1,0.074074
-0.03174,-2.8501,3.7233,1.2874,0.0054925,-0.0018899,-0.0018899,0.035238,0.6,1,0.061728
-0.03174,-2.8501,0.63929,1.3211,0.015168,-0.010465,-0.010465,0.0072199,0.2,1,0.061728
-0.03174,-2.6501,0.49285,1.2556,0.02012,0.0030436,0.0030436,0.0077192,0.6,1,0.061728
-0.03174,-2.4501,0.37096,1.1285,0.025279,-0.01181,-0.01181,0.020886,0.38462,1,0.080247
-0.03174,-2.4501,4.2158,1.06,0.0037119,0.0032577,0.0032577,0.002859,0.15385,1,0.080247
-0.03174,-2.2501,0.34084,1.1026,0.050504,-0.0071161,-0.0071161,0.0010027,0.2,1,0.061728
-0.03174,-2.2501,4.2207,0.99855,0.047716,-0.0064923,-0.0064923,0.0065362,0.4,1,0.061728
-0.03174,-1.8501,3.6508,1.2586,0.042873,-0.021482,-0.021482,0.019927,0.61538,1,0.080247
-0.03174,-1.8501,0.3788,1.3274,0.027049,-0.0039552,-0.0039552,0.0012853,0.30769,1,0.080247
-0.03174,-1.6501,0.64928,1.2427,0.12428,-0.0065079,-0.0065079,0.00073128,0.5,1,0.037037
-0.03174,-1.4501,1.3213,1.1975,2.1278,-0.22492,-0.22492,0.035107,0.8,1,0.061728
-0.03174,-1.4501,3.7437,1.1588,0.0086035,-0.0065805,-0.0065805,0.0050332,0.2,1,0.061728
-0.03174,-1.2501,0.15954,1.3123,0.33862,-0.063295,-0.063295,0.018923,0.5,1,0.074074
-0.03174,-1.2501,3.3879,1.203,0.023648,0.014829,0.014829,0.038504,0.5,1,0.074074
-0.03174,-1.0501,0.23177,1.316,1.9015,-0.10113,-0.10113,0.015865,0.80031,1,0.092593
-0.03174,-1.0501,3.2628,1.2499,0.0012662,0.0013761,0.0013761,0.0015732,0.19969,1,0.092593
-0.03174,-0.85007,3.3583,1.3095,0.027107,0.00015464,0.00015464,0.015589,0.29412,1,0.10494
-0.03174,-0.85007,0.01242,1.3551,0.028418,-0.014793,-0.014793,0.010796,0.64706,1,0.10494
-0.03174,-0.65007,0.014796,1.3112,0.014726,-0.0054167,-0.0054167,0.0038127,0.25,1,0.12346
-0.03174,-0.65007,3.273,1.4063,0.030348,0.025122,0.025122,0.028426,0.6,1,0.12346
-0.03174,-0.45007,6.228,1.2974,1.2167,-0.16449,-0.16449,0.079191,0.6929,1,0.16049
-0.03174,-0.45007,3.0932,1.3829,0.0053209,-0.0072521,-0.0072521,0.017991,0.3071,1,0.16049
-0.03174,-0.25007,5.9828,1.1913,1.8148,-0.11538,-0.11538,0.15281,1,1,0.12346
-0.03174,-0.05007,3.053,1.1885,4.0621,0.54459,0.54459,0.13477,1,1,0.11728
-0.03174,0.14993,3.6964,1.3496,1.8725,0.086496,0.086496,0.032806,1,1,0.08642
-0.03174,0.34993,0.98704,0.84559,6.3152,0.58641,0.58641,0.05994,1,1,0.037037
-0.03174,0.54993,4.7696,0.99106,4.146,-0.41762,-0.41762,0.10813,1,1,0.04321
-0.03174,0.74993,6.0172,1.0853,8.8809,-0.57557,-0.57557,0.038587,1,1,0.030864
-0.03174,0.94993,2.926,1.166,2.7794,-0.28377,-0.28377,0.057751,1,1,0.049383
-0.03174,1.1499,3.4273,1.27,3.2985,-0.34087,-0.34087,0.056914,1,1,0.11728
-0.03174,1.3499,2.9048,1.4305,0.0085422,-0.0051452,-0.0051452,0.0222,0.56302,1,0.19136
-0.03174,1.3499,5.0582,1.2253,2.4611,0.054289,0.054289,0.025216,0.43698,1,0.19136
-0.03174,1.5499,5.9973,1.2948,0.39403,0.10087,0.10087,0.046496,0.58066,1,0.19136
-0.03174,1.5499,2.5833,1.3426,0.49075,0.1354,0.1354,0.054485,0.41934,1,0.19136
-0.03174,1.7499,0.12621,1.4076,0.0029547,0.0053576,0.0053576,0.021801,0.30425,1,0.17901
-0.03174,1.7499,3.6692,1.2403,1.7239,-0.14349,-0.14349,0.056917,0.69575,1,0.17901
-0.03174,1.9499,3.0997,1.4567,0.033639,0.0081995,0.0081995,0.010767,0.32379,1,0.12963
-0.03174,1.9499,5.471,1.1841,2.3366,0.18043,0.18043,0.038028,0.67621,1,0.12963
-0.03174,2.1499,0.14074,1.3368,0.030539,-0.02283,-0.02283,0.044814,0.5,1,0.098765
-0.03174,2.3499,0.73545,1.1041,2.7861,0.12202,0.12202,0.079677,1,1,0.17901
-0.03174,2.5499,0.27293,0.88965,2.4514,0.29103,0.29103,0.10003,1,1,0.19753
-0.03174,2.7499,6.2179,0.65162,4.3588,0.53142,0.53142,0.16049,1,1,0.28395
-0.03174,2.9499,3.9555,0.63508,3.214,-0.39644,-0.39644,0.19166,1,1,0.27778
-0.03174,3.1499,3.9056,0.57851,3.3724,-0.50118,-0.50118,0.16401,1,1,0.38272
-0.03174,3.3499,0.62911,0.19679,4.5498,0.18449,0.18449,0.037794,0.89494,1,0.70988
-0.03174,3.3499,1.217,1.0487,1.0293,0.039581,0.039581,0.0070596,0.10506,1,0.70988
-0.03174,3.5499,1.051,0.13933,3.1457,0.0068831,0.0068831,0.031306,1,1,0.44444
-0.03174,3.7499,0.98372,0.18165,0.92574,0.028981,0.028981,0.039552,1,1,0.049383
0.16826,-3.4501,4.8237,0.15782,3.0635,0.13205,0.13205,0.04366,1,1,0.1358
0.16826,-3.2501,3.7133,0.29268,0.38138,0.013559,0.013559,0.10341,0.58509,1,0.11728
0.16826,-3.2501,0.75709,0.29771,0.29204,0.022277,0.022277,0.10484,0.41491,1,0.11728
0.16826,-3.0501,0.75923,0.78127,4.2596,-0.43507,-0.43507,0.08251,1,1,0.049383
0.16826,-2.8501,4.8772,0.6964,1.3997,-0.063283,-0.063283,0.17918,1,1,0.04321
0.16826,-2.6501,4.2499,1.0982,0.51215,-0.23288,-0.23288,0.12651,0.61538,1,0.080247
0.16826,-2.6501,0.58246,1.2336,0.019977,0.0015354,0.0015354,0.00032614,0.30769,1,0.080247
0.16826,-2.4501,5.6472,1.0649,1.5437,0.22733,0.22733,0.086392,1,1,0.067901
0.16826,-2.2501,4.2433,0.15111,0.0091432,0.0021266,0.0021266,0.00049462,0.13333,1,0.092593
0.16826,-2.2501,0.37648,1.2268,0.00077006,-0.00097888,-0.00097888,0.0012443,0.13333,1,0.092593
0.16826,-2.0501,4.5531,0.92446,1.2345,0.18735,0.18735,0.24748,1,1,0.12346
0.16826,-1.8501,0.40188,1.2431,0.058934,-0.026184,-0.026184,0.014958,0.58333,1,0.074074
0.16826,-1.8501,3.9536,1.1451,0.086859,-0.0088606,-0.0088606,0.00094832,0.33333,1,0.074074
0.16826,-1.6501,5.1251,1.1985,1.592,0.073018,0.073018,0.023,1,1,0.067901
0.16826,-1.4501,3.712,1.2438,0.035449,-0.024658,-0.024658,0.021017,0.41973,1,0.067901
0.16826,-1.4501,5.5761,1.3272,1.5469,0.26971,0.26971,0.060474,0.58027,1,0.067901
0.16826,-1.2501,5.9239,1.3934,0.2659,0.054517,0.054517,0.025258,0.4,1,0.092593
0.16826,-1.2501,3.4304,1.295,0.014315,0.012067,0.012067,0.036254,0.6,1,0.092593
0.16826,-1.0501,3.3787,1.3945,0.026029,0.025506,0.025506,0.035181,0.71429,1,0.08642
0.16826,-0.85007,0.025333,1.3608,0.028832,-0.016787,-0.016787,0.014287,0.73333,1,0.092593
0.16826,-0.85007,3.3361,1.3732,0.013248,-0.0014707,-0.0014707,0.0036142,0.26667,1,0.092593
0.16826,-0.65007,3.4973,1.3065,0.29927,-0.027245,-0.027245,0.028864,0.56518,1,0.14198
0.16826,-0.65007,0.3208,1.2538,0.26456,-0.065595,-0.065595,0.052146,0.43482,1,0.14198
0.16826,-0.45007,3.3061,1.3889,0.043898,0.0059622,0.0059622,0.026955,0.5,1,0.14815
0.16826,-0.45007,0.025583,1.3251,0.35486,-0.01376,-0.01376,0.044808,0.5,1,0.14815
0.16826,-0.25007,6.0302,0.3119,0.11581,0.013606,0.013606,0.010145,0.14286,1,0.17284
0.16826,-0.25007,3.2544,1.3814,0.020012,-0.00054886,-0.00054886,0.030714,0.35714,1,0.17284
0.16826,-0.25007,0.053952,1.3841,0.02765,-0.015563,-0.015563,0.041157,0.46429,1,0.17284
0.16826,-0.05007,3.2878,1.3557,0.0084697,-0.0063964,-0.0063964,0.027794,0.44,1,0.15432
0.16826,-0.05007,0.21642,1.2259,0.0015824,-0.003184,-0.003184,0.0064064,0.08,1,0.15432
0.16826,0.14993,3.1557,1.3564,2.6185,-0.20788,-0.20788,0.043356,1,1,0.055556
0.16826,0.34993,2.5223,1.3193,2.2749,0.16499,0.16499,0.052936,1,1,0.049383
0.16826,0.94993,2.9906,1.2409,2.8462,-0.26516,-0.26516,0.040339,1,1,0.061728
0.16826,1.1499,5.9956,1.3585,0.0070436,0.002202,0.002202,0.045862,0.23978,1,0.15432
0.16826,1.1499,2.8189,1.2881,0.6761,0.0019304,0.0019304,0.040908,0.76022,1,0.15432
0.16826,1.3499,2.1388,1.3314,2.0487,0.20148,0.20148,0.05383,0.8857,1,0.16049
0.16826,1.3499,6.0883,1.2783,0.00051227,0.0012097,0.0012097,0.0038346,0.1143,1,0.16049
0.16826,1.5499,2.7677,1.4914,0.00022261,-0.00048326,-0.00048326,0.0010491,0.074073,1,0.16667
0.16826,1.5499,0.5111,1.2982,2.1103,0.14687,0.14687,0.044368,0.92593,1,0.16667
0.16826,1.7499,6.031,1.2243,0.84989,0.0625,0.0625,0.05382,0.8001,1,0.12346
0.16826,1.7499,3.2364,1.3646,0.020895,-0.0048432,-0.0048432,0.0012892,0.1999,1,0.12346
0.16826,1.9499,0.089169,1.362,0.004428,0.0010019,0.0010019,0.0073112,0.3145,1,0.11728
0.16826,1.9499,2.9682,1.223,1.2305,0.041758,0.041758,0.050859,0.6855,1,0.11728
0.16826,2.1499,4.7838,1.0275,2.1518,0.12655,0.12655,0.033014,0.69001,1,0.098765
0.16826,2.1499,3.0948,1.4438,0.03276,-0.0051809,-0.0051809,0.0051048,0.30999,1,0.098765
0.16826,2.3499,2.8382,1.1806,0.15645,0.062525,0.062525,0.047283,0.30133,1,0.16049
0.16826,2.3499,5.995,1.0197,0.67357,0.056727,0.056727,0.067816,0.69867,1,0.16049
0.16826,2.5499,5.9415,0.88973,0.80611,0.025567,0.025567,0.084118,0.78275,1,0.19136
0.16826,2.5499,2.7978,1.2132,0.15355,0.059986,0.059986,0.0396,0.21725,1,0.19136
0.16826,2.7499,5.6434,0.56669,5.1274,0.62973,0.62973,0.15767,1,1,0.2716
0.16826,2.9499,4.125,0.58167,3.3554,-0.32219,-0.32219,0.20779,1,1,0.30247
0.16826,3.1499,4.4221,0.45269,2.7818,-0.3548,-0.3548,0.14835,0.78878,1,0.45679
0.16826,3.1499,2.0874,0.087984,0.22048,-0.015793,-0.015793,0.0044107,0.21122,1,0.45679
0.16826,3.3499,4.9603,0.21743,5.1344,-0.35043,-0.35043,0.06583,1,1,0.65432
0.16826,3.5499,0.76273,0.31184,2.5797,0.0091381,0.0091381,0.037557,0.32332,1,0.42593
0.16826,3.5499,4.3168,0.046418,5.911,-0.050116,-0.050116,0.00071007,0.67668,1,0.42593
0.16826,3.7499,0.53873,0.054337,2.0747,0.028444,0.028444,0.00093181,0.92308,1,0.080247
0.36826,-3.2501,3.2209,0.030117,0.11444,-0.0074039,-0.0074039,0.00056104,0.57143,1,0.04321
0.36826,-3.0501,2.9037,0.45905,3.0426,-0.25787,-0.25787,0.12133,1,1,0.074074
0.36826,-2.8501,6.1046,0.62934,6.1701,0.99004,0.99004,0.20194,1,1,0.098765
0.36826,-2.6501,4.4115,0.99245,0.6394,-0.34306,-0.34306,0.20664,0.73333,1,0.092593
0.36826,-2.4501,0.53182,1.2689,0.027198,0.0073803,0.0073803,0.022846,0.61538,1,0.080247
0.36826,-2.2501,6.1445,0.96164,1.2213,0.38671,0.38671,0.1519,0.72222,1,0.11111
0.36826,-2.2501,4.0348,1.2749,0.12779,0.011849,0.011849,0.01243,0.27778,1,0.11111
0.36826,-2.0501,4.1516,0.74487,0.17114,0.036694,0.036694,0.20811,0.6875,1,0.098765
0.36826,-2.0501,0.56732,1.2435,0.15202,0.00066266,0.00066266,0.039482,0.3125,1,0.098765
0.36826,-1.8501,4.6531,1.1175,2.3614,0.088809,0.088809,0.095522,1,1,0.092593
0.36826,-1.6501,4.954,1.2087,2.1344,-0.028068,-0.028068,0.023723,1,1,0.08642
0.36826,-1.4501,4.6068,1.2368,1.7849,0.03308,0.03308,0.01479,1,1,0.067901
0.36826,-1.2501,3.4712,1.2467,0.05166,-0.0040781,-0.0040781,0.026637,0.6875,1,0.098765
0.36826,-1.0501,4.0405,1.3341,1.4052,0.055671,0.055671,0.034309,1,1,0.098765
0.36826,-0.85007,0.064624,1.3828,0.023461,-0.013703,-0.013703,0.017602,0.53846,1,0.080247
0.36826,-0.85007,3.2585,1.3062,0.016623,0.0062156,0.0062156,0.011612,0.46154,1,0.080247
0.36826,-0.65007,3.4174,1.3242,0.16835,-0.035831,-0.035831,0.027371,0.64706,1,0.10494
0.36826,-0.65007,0.10372,1.2629,0.013074,-0.017991,-0.017991,0.049205,0.35294,1,0.10494
0.36826,-0.45007,0.031517,1.4037,0.0084079,-0.013595,-0.013595,0.060713,0.36842,1,0.11728
0.36826,-0.45007,3.6034,1.2739,0.63046,-0.22615,-0.22615,0.10587,0.63158,1,0.11728
0.36826,-0.25007,6.1783,1.2149,0.46917,0.10622,0.10622,0.14811,0.68001,1,0.15432
0.36826,-0.25007,3.3433,1.4289,0.007877,0.0044173,0.0044173,0.027525,0.31999,1,0.15432
0.36826,-0.05007,3.3063,1.3692,0.0057267,-0.0067764,-0.0067764,0.027542,0.5238,1,0.12963
0.36826,-0.05007,0.06568,1.3119,0.49338,0.055483,0.055483,0.055796,0.4762,1,0.12963
0.36826,0.14993,3.4674,1.273,2.0086,-0.23392,-0.23392,0.048903,1,1,0.074074
0.36826,0.34993,1.9428,1.1821,3.1958,0.27988,0.27988,0.039902,1,1,0.04321
0.36826,0.94993,3.1599,1.2293,1.5417,-0.11429,-0.11429,0.041108,1,1,0.080247
0.36826,1.1499,2.7991,1.4153,0.031965,0.0085674,0.0085674,0.025845,0.75,1,0.12346
0.36826,1.3499,5.8984,1.2507,0.11871,0.06132,0.06132,0.037356,0.38095,1,0.12963
0.36826,1.3499,2.7818,1.4016,0.024775,0.0084376,0.0084376,0.034132,0.57143,1,0.12963
0.36826,1.5499,6.2389,1.241,0.49168,0.0086069,0.0086069,0.035809,0.66671,1,0.12963
0.36826,1.5499,2.993,1.4266,0.054014,-0.0018521,-0.0018521,0.0097139,0.33329,1,0.12963
0.36826,1.7499,6.2286,1.2431,0.4818,-0.010231,-0.010231,0.054828,0.5417,1,0.14815
0.36826,1.7499,3.1304,1.397,0.034826,0.0032349,0.0032349,0.025009,0.4583,1,0.14815
0.36826,1.9499,2.9399,1.2574,1.4417,0.14844,0.14844,0.059084,0.79035,1,0.11728
0.36826,1.9499,0.064573,1.3446,0.0091021,0.012022,0.012022,0.018046,0.20965,1,0.11728
0.36826,2.1499,6.2725,1.1053,0.94266,0.0049106,0.0049106,0.073454,0.61331,1,0.11111
0.36826,2.1499,2.9824,1.2667,0.060902,0.065914,0.065914,0.08228,0.38669,1,0.11111
0.36826,2.3499,0.34442,1.1257,1.1591,-0.057142,-0.057142,0.085953,0.75067,1,0.14815
0.36826,2.3499,3.1323,1.3755,0.0049088,-0.0029003,-0.0029003,0.0064562,0.24933,1,0.14815
0.36826,2.5499,2.7274,1.3136,0.32079,0.035632,0.035632,0.022634,0.37814,1,0.17901
0.36826,2.5499,6.1188,1.0135,0.3171,-0.016942,-0.016942,0.074254,0.62186,1,0.17901
0.36826,2.7499,0.32372,0.81727,1.8343,0.22544,0.22544,0.11198,1,1,0.1358
0.36826,2.9499,2.559,1.3015,0.16423,0.046572,0.046572,0.083532,0.17608,1,0.2963
0.36826,2.9499,3.7864,0.30268,5.7445,0.29918,0.29918,0.094752,0.82392,1,0.2963
0.36826,3.1499,1.0017,0.25329,4.1575,-0.17013,-0.17013,0.058469,0.91355,1,0.28395
0.36826,3.1499,2.5746,1.3941,0.11921,0.10688,0.10688,0.11529,0.08645,1,0.28395
0.36826,3.3499,0.87804,0.1545,3.2061,0.083162,0.083162,0.015071,0.79723,1,0.19136
0.36826,3.3499,5.9911,0.41666,1.4295,0.27235,0.27235,0.057058,0.20277,1,0.19136
0.36826,3.5499,4.17,0.12968,4.1218,-0.1912,-0.1912,0.028184,1,1,0.1358
0.56826,-2.8501,6.1863,0.58672,5.0942,0.79569,0.79569,0.15489,1,1,0.074074
0.56826,-2.6501,5.5563,0.53246,0.61304,-0.038835,-0.038835,0.0028954,0.42857,1,0.04321
0.56826,-2.4501,0.51424,1.384,0.0016411,-0.0026828,-0.0026828,0.0043858,0.2,1,0.061728
0.56826,-2.4501,3.719,1.3282,0.0056672,-0.0039562,-0.0039562,0.012343,0.6,1,0.061728
0.56826,-2.2501,0.53002,1.2364,0.00034718,0.0018503,0.0018503,0.035201,0.4,1,0.061728
0.56826,-2.0501,0.58322,1.2324,0.12797,0.010801,0.010801,0.024047,0.83333,1,0.037037
0.56826,-1.8501,3.6723,1.1251,0.030826,-0.029753,-0.029753,0.0869,0.6,1,0.092593
0.56826,-1.8501,0.38129,1.2281,0.018318,-0.020075,-0.020075,0.024113,0.33333,1,0.092593
0.56826,-1.6501,0.35252,1.2108,0.023773,-0.016852,-0.016852,0.023466,0.5,1,0.08642
0.56826,-1.6501,3.7994,1.1995,0.020608,-0.00176,-0.00176,0.00015031,0.14286,1,0.08642
0.56826,-1.4501,0.10402,1.3566,0.10106,-0.010395,-0.010395,0.014983,0.63636,1,0.067901
0.56826,-1.4501,4.3068,1.1979,0.13236,0.0038909,0.0038909,0.00011438,0.18182,1,0.067901
0.56826,-1.2501,0.062147,1.3757,0.093903,-0.0076051,-0.0076051,0.013927,0.5,1,0.08642
0.56826,-1.2501,3.626,1.1832,0.21448,0.014071,0.014071,0.015589,0.5,1,0.08642
0.56826,-1.0501,3.3475,1.2828,0.018921,0.0097887,0.0097887,0.0099092,0.66667,1,0.055556
0.56826,-0.85007,0.085893,1.3781,0.017885,-0.0052321,-0.0052321,0.0081583,0.57143,1,0.12963
0.56826,-0.85007,3.4552,1.3091,0.17804,-0.010661,-0.010661,0.02155,0.42857,1,0.12963
0.56826,-0.65007,3.1865,1.3989,0.017828,-0.0010945,-0.0010945,0.022899,0.47059,1,0.10494
0.56826,-0.65007,0.10961,1.2972,0.030118,-0.022471,-0.022471,0.037487,0.52941,1,0.10494
0.56826,-0.45007,0.02057,1.3523,0.020765,-0.022973,-0.022973,0.046153,0.36,1,0.15432
0.56826,-0.45007,3.2711,1.3994,0.022637,-0.0032718,-0.0032718,0.030662,0.6,1,0.15432
0.56826,-0.25007,6.1195,1.3032,0.41903,0.068457,0.068457,0.037662,0.68421,1,0.11728
0.56826,-0.25007,3.3782,1.4178,0.025383,0.011388,0.011388,0.02844,0.31579,1,0.11728
0.56826,-0.05007,0.1245,1.3145,0.043865,-0.0065112,-0.0065112,0.030883,0.5625,1,0.098765
0.56826,-0.05007,3.2251,1.3288,0.00023293,-0.00042783,-0.00042783,0.0011158,0.1875,1,0.098765
0.56826,0.14993,3.2659,1.3631,0.013821,-0.0060237,-0.0060237,0.010351,0.5,1,0.061728
0.56826,0.54993,3.6086,1.1998,3.183,-0.24012,-0.24012,0.030209,1,1,0.049383
0.56826,0.74993,2.6771,1.2919,4.3752,0.27669,0.27669,0.028123,1,1,0.061728
0.56826,0.94993,3.0938,1.3563,1.3319,0.020734,0.020734,0.037631,0.86667,1,0.092593
0.56826,0.94993,5.9222,1.2065,0.014292,0.010041,0.010041,0.0070543,0.13333,1,0.092593
0.56826,1.1499,2.8647,1.458,0.010004,-0.0050026,-0.0050026,0.022768,0.69391,1,0.14198
0.56826,1.1499,5.8039,1.2506,1.2356,-0.012841,-0.012841,0.038235,0.30609,1,0.14198
0.56826,1.3499,5.8052,1.2508,0.15562,0.0342,0.0342,0.017584,0.5,1,0.098765
0.56826,1.3499,2.8952,1.5235,0.0098398,-0.0065427,-0.0065427,0.019473,0.4375,1,0.098765
0.56826,1.5499,6.2113,1.3684,0.13224,0.045932,0.045932,0.020072,0.73333,1,0.092593
0.56826,1.7499,0.12503,1.439,0.007719,0.0019618,0.0019618,0.0046695,0.49947,1,0.14815
0.56826,1.7499,3.5189,1.2801,1.0359,-0.03239,-0.03239,0.040131,0.50053,1,0.14815
0.56826,1.9499,2.7761,1.139,0.20898,0.14095,0.14095,0.13859,0.48138,1,0.16667
0.56826,1.9499,6.1483,1.2168,0.38751,0.0013157,0.0013157,0.059576,0.51862,1,0.16667
0.56826,2.1499,0.16042,1.0064,2.0245,-0.15729,-0.15729,0.14282,1,1,0.17284
0.56826,2.3499,3.2036,1.4298,0.0033494,-0.002352,-0.002352,0.0023425,0.19033,1,0.12963
0.56826,2.3499,0.66892,0.75711,1.8683,-0.4094,-0.4094,0.271,0.80967,1,0.12963
0.56826,2.5499,6.0315,1.1157,0.093653,0.046,0.046,0.053681,0.55555,1,0.11111
0.56826,2.5499,2.6236,1.2623,0.55829,0.18541,0.18541,0.099685,0.44445,1,0.11111
0.56826,2.7499,2.8816,1.3619,0.031349,-0.00094437,-0.00094437,0.016335,0.38889,1,0.11111
0.56826,2.7499,5.8882,0.89102,0.32748,-0.0087652,-0.0087652,0.040993,0.61111,1,0.11111
0.56826,2.9499,2.7411,1.2412,0.022348,0.0039341,0.0039341,0.03582,0.5,1,0.08642
0.56826,2.9499,5.5276,0.8321,0.043229,0.042596,0.042596,0.11162,0.42857,1,0.08642
0.56826,3.1499,6.1524,0.48481,4.5367,0.64508,0.64508,0.13369,1,1,0.055556
0.56826,3.3499,1.4441,0.39502,1.5027,-0.052226,-0.052226,0.055049,1,1,0.04321
0.76826,-2.4501,3.7536,1.2918,0.0041205,-0.0055754,-0.0055754,0.014318,0.58333,1,0.074074
0.76826,-2.4501,0.73907,1.0872,0.031665,-0.021167,-0.021167,0.051398,0.41667,1,0.074074
0.76826,-2.2501,0.58526,1.2312,0.038559,-0.014877,-0.014877,0.033468,0.61538,1,0.080247
0.76826,-2.2501,3.7554,1.311,0.0056328,-0.0076012,-0.0076012,0.017893,0.38462,1,0.080247
0.76826,-2.0501,0.49669,1.207,0.011102,-0.0089567,-0.0089567,0.034643,0.88889,1,0.055556
0.76826,-1.8501,3.7946,1.0907,0.018188,-0.012839,-0.012839,0.060738,0.4,1,0.061728
0.76826,-1.8501,0.48782,1.3347,0.048105,-0.0056331,-0.0056331,0.034315,0.6,1,0.061728
0.76826,-1.6501,0.45445,1.3203,0.10961,0.013835,0.013835,0.022388,0.66667,1,0.074074
0.76826,-1.6501,3.6936,1.1202,0.033911,-0.017549,-0.017549,0.015769,0.33333,1,0.074074
0.76826,-1.4501,5.0754,1.2439,2.0661,0.15537,0.15537,0.031619,1,1,0.092593
0.76826,-1.2501,3.691,1.2046,0.17625,0.0092275,0.0092275,0.011933,0.57142,1,0.08642
0.76826,-1.2501,0.41465,1.4527,0.22064,0.0013897,0.0013897,0.01247,0.42858,1,0.08642
0.76826,-1.0501,3.431,1.3307,0.027187,-0.0014741,-0.0014741,0.014301,0.8125,1,0.098765
0.76826,-0.85007,3.5119,1.3235,0.11508,-0.013176,-0.013176,0.014029,0.65,1,0.12346
0.76826,-0.85007,0.11491,1.3909,0.013923,-0.0052279,-0.0052279,0.0087433,0.35,1,0.12346
0.76826,-0.65007,3.3742,1.3843,0.18265,-0.0093752,-0.0093752,0.035621,0.5,1,0.12346
0.76826,-0.65007,0.08047,1.315,0.031768,-0.026555,-0.026555,0.038561,0.5,1,0.12346
0.76826,-0.45007,3.2406,1.355,0.40494,-0.054417,-0.054417,0.029124,0.56522,1,0.14198
0.76826,-0.45007,0.045624,1.3225,0.024491,-0.025848,-0.025848,0.040854,0.43478,1,0.14198
0.76826,-0.25007,3.3708,1.3872,0.015894,0.004454,0.004454,0.032638,0.6,1,0.12346
0.76826,-0.25007,0.096414,1.3364,0.0067667,-0.0085577,-0.0085577,0.017226,0.35,1,0.12346
0.76826,-0.05007,3.1984,1.3761,0.058222,0.013577,0.013577,0.026373,0.61111,1,0.11111
0.76826,-0.05007,0.10537,1.2994,0.017128,-0.013806,-0.013806,0.027676,0.38889,1,0.11111
0.76826,0.14993,3.9254,1.2756,1.9347,-0.23032,-0.23032,0.057787,1,1,0.067901
0.76826,0.34993,3.3648,1.1436,0.0037915,0.0017734,0.0017734,0.00082944,0.33333,1,0.037037
0.76826,0.54993,2.6756,1.1677,1.7121,0.17636,0.17636,0.05212,1,1,0.049383
0.76826,0.74993,2.5716,1.2767,2.2951,0.20354,0.20354,0.05378,1,1,0.080247
0.76826,0.94993,5.8637,1.2375,0.024764,0.013112,0.013112,0.0081927,0.2381,1,0.12963
0.76826,0.94993,2.8408,1.4144,0.0071318,-0.0034879,-0.0034879,0.020908,0.47619,1,0.12963
0.76826,1.1499,6.0009,1.2598,0.80728,-0.024659,-0.024659,0.022167,0.4337,1,0.18519
0.76826,1.1499,2.8483,1.4652,0.008188,-0.00013754,-0.00013754,0.019019,0.5663,1,0.18519
0.76826,1.3499,4.6949,1.3504,3.0341,-0.25218,-0.25218,0.031489,1,1,0.10494
0.76826,1.5499,5.766,1.3156,2.9531,0.26292,0.26292,0.039557,1,1,0.080247
0.76826,1.7499,0.088367,1.392,0.021741,0.020041,0.020041,0.023573,0.42278,1,0.12963
0.76826,1.7499,2.9045,1.1071,1.6159,0.10143,0.10143,0.069967,0.57722,1,0.12963
0.76826,1.9499,3.2062,1.2972,0.010815,0.0088987,0.0088987,0.02828,0.41176,1,0.10494
0.76826,1.9499,6.2168,1.3062,0.094823,0.052577,0.052577,0.042632,0.41176,1,0.10494
0.76826,2.1499,3.1049,1.3638,0.013215,0.0070237,0.0070237,0.022449,0.24971,1,0.12346
0.76826,2.1499,0.22803,0.92307,0.77584,-0.04366,-0.04366,0.19762,0.75029,1,0.12346
0.76826,2.3499,2.8743,0.032449,1.7917,-0.024129,-0.024129,0.00073769,0.45893,1,0.2284
0.76826,2.3499,5.1668,1.1757,2.6583,-0.27795,-0.27795,0.12053,0.54107,1,0.2284
0.76826,2.5499,5.3961,1.1307,2.2827,-0.19598,-0.19598,0.072513,0.53668,1,0.25309
0.76826,2.5499,2.8327,0.041761,1.5807,-0.028609,-0.028609,0.0014313,0.46332,1,0.25309
0.76826,2.7499,2.8079,1.3021,0.01816,-0.00050688,-0.00050688,0.02214,0.2857,1,0.12963
0.76826,2.7499,0.65958,0.65711,1.3127,-0.42937,-0.42937,0.18495,0.7143,1,0.12963
0.76826,2.9499,2.2097,0.43411,16.983,2.0268,2.0268,0.27843,1,1,0.08642
0.76826,3.1499,0.096969,0.34412,0.061301,0.024785,0.024785,0.010021,0.22222,1,0.055556
0.76826,3.1499,2.6443,0.23987,2.7511,-0.17544,-0.17544,0.040039,0.77778,1,0.055556
0.76826,3.3499,0.09044,0.44353,0.040952,0.015225,0.015225,0.026443,0.6,1,0.030864
0.96826,-2.0501,0.52815,1.2677,0.0024478,-0.0011197,-0.0011197,0.010605,0.71429,1,0.04321
0.96826,-1.8501,0.4942,1.2687,0.0039072,-0.007638,-0.007638,0.031805,0.71429,1,0.04321
0.96826,-1.6501,0.40214,1.2853,0.0091586,0.0033027,0.0033027,0.02399,0.63636,1,0.067901
0.96826,-1.4501,0.30806,1.258,0.035631,0.0039051,0.0039051,0.013286,0.61538,1,0.080247
0.96826,-1.4501,3.58,1.414,0.016121,-0.00082786,-0.00082786,0.00011946,0.23077,1,0.080247
0.96826,-1.2501,0.008145,1.2717,0.020542,-0.0025139,-0.0025139,0.00030765,0.18182,1,0.067901
0.96826,-1.2501,3.8044,1.2328,0.011669,-0.0051901,-0.0051901,0.0023083,0.18182,1,0.067901
0.96826,-1.0501,3.3975,1.3325,0.028837,0.0036308,0.0036308,0.015388,0.75,1,0.098765
0.96826,-1.0501,0.03395,1.4289,0.0012659,0.00088541,0.00088541,0.00061926,0.125,1,0.098765
0.96826,-0.85007,3.3961,1.3754,0.030325,0.026299,0.026299,0.043317,0.53846,1,0.080247
0.96826,-0.65007,3.3066,1.3783,0.03241,0.0095134,0.0095134,0.032395,0.54545,1,0.1358
0.96826,-0.65007,0.15153,1.3252,0.018168,-0.0067741,-0.0067741,0.013112,0.45455,1,0.1358
0.96826,-0.45007,2.9935,1.369,0.3388,-0.036379,-0.036379,0.01492,0.5,1,0.12346
0.96826,-0.45007,0.15512,1.2912,0.018983,-0.015716,-0.015716,0.030575,0.5,1,0.12346
0.96826,-0.25007,0.096255,1.3463,0.012436,-0.012861,-0.012861,0.034661,0.57143,1,0.12963
0.96826,-0.25007,3.36,1.378,0.18508,-0.024314,-0.024314,0.0254,0.42857,1,0.12963
0.96826,-0.05007,0.15184,1.2847,0.028919,-0.0044604,-0.0044604,0.013704,0.375,1,0.098765
0.96826,-0.05007,3.2886,1.4188,0.0026348,0.00055,0.00055,0.00011481,0.125,1,0.098765
0.96826,0.14993,2.3771,1.4011,2.4286,-0.12148,-0.12148,0.03206,1,1,0.067901
0.96826,0.34993,2.1879,1.318,1.9042,-0.023106,-0.023106,0.07228,1,1,0.074074
0.96826,0.54993,2.459,1.1598,15.416,0.80404,0.80404,0.045191,1,1,0.049383
0.96826,0.74993,1.6164,1.2141,2.1658,0.064348,0.064348,0.059785,1,1,0.061728
0.96826,0.94993,2.8501,1.4503,0.0028157,0.0010328,0.0010328,0.025203,0.51736,1,0.12963
0.96826,0.94993,5.1599,1.2319,3.9298,0.38765,0.38765,0.051471,0.48264,1,0.12963
0.96826,1.1499,2.8471,1.4325,0.004989,-0.0010774,-0.0010774,0.026344,0.47308,1,0.11728
0.96826,1.1499,5.8566,1.241,0.95566,-0.092224,-0.092224,0.040706,0.52692,1,0.11728
0.96826,1.3499,0.3918,1.2789,0.9575,-0.030267,-0.030267,0.0579,0.63794,1,0.067901
0.96826,1.3499,2.8221,1.4316,0.007857,-0.0032558,-0.0032558,0.0084682,0.36206,1,0.067901
0.96826,1.5499,2.4151,1.1893,0.55104,0.14627,0.14627,0.056841,0.57143,1,0.08642
0.96826,1.5499,6.259,1.4045,0.744,0.11658,0.11658,0.028361,0.42857,1,0.08642
0.96826,1.7499,3.6471,1.1911,2.3648,-0.01838,-0.01838,0.038804,0.59409,1,0.1358
0.96826,1.7499,0.11292,1.4245,0.0043529,0.0024438,0.0024438,0.0040132,0.40591,1,0.1358
0.96826,1.9499,3.018,1.3425,0.1065,0.0095979,0.0095979,0.026323,0.48,1,0.15432
0.96826,1.9499,6.2003,1.2552,0.096106,0.020371,0.020371,0.023134,0.52,1,0.15432
0.96826,2.1499,0.19615,1.1601,0.59496,0.0053652,0.0053652,0.010777,0.6668,1,0.11111
0.96826,2.1499,3.0956,1.3825,0.0081927,0.0050218,0.0050218,0.021162,0.3332,1,0.11111
0.96826,2.3499,5.1425,0.73763,5.3771,1.1791,1.1791,0.41223,1,1,0.18519
0.96826,2.5499,2.9651,1.373,0.05711,-0.0025634,-0.0025634,0.018352,0.35714,1,0.17284
0.96826,2.5499,6.0489,1.128,0.064289,0.037224,0.037224,0.04383,0.53571,1,0.17284
0.96826,2.7499,2.9315,1.3841,0.01182,-0.0070864,-0.0070864,0.044709,0.28985,1,0.14815
0.96826,2.7499,1.4886,0.38848,2.6509,-0.42015,-0.42015,0.19175,0.71015,1,0.14815
0.96826,2.9499,6.1014,0.36831,4.1413,0.56335,0.56335,0.15973,1,1,0.11111
0.96826,3.1499,5.2028,0.18124,3.9238,0.1584,0.1584,0.038731,1,1,0.11728
0.96826,3.3499,2.4157,0.089925,8.2712,-0.25471,-0.25471,0.0088453,1,1,0.061728
1.1683,-2.2501,3.6766,1.3606,0.0049218,0.0030517,0.0030517,0.012302,0.7,1,0.061728
1.1683,-2.0501,3.7427,1.3622,0.0087568,-0.0054964,-0.0054964,0.015115,0.54545,1,0.067901
1.1683,-2.0501,0.55251,1.1839,0.014717,0.0068152,0.0068152,0.05125,0.45455,1,0.067901
1.1683,-1.8501,0.53852,1.2545,0.013113,0.0096436,0.0096436,0.022494,0.75,1,0.049383
1.1683,-1.6501,0.32638,1.3304,0.0528,-0.009256,-0.009256,0.018386,0.69231,1,0.080247
1.1683,-1.6501,3.5685,1.4248,0.018058,-0.0017726,-0.0017726,0.00018817,0.23077,1,0.080247
1.1683,-1.4501,0.19464,1.3193,0.055481,-0.014673,-0.014673,0.014468,0.66667,1,0.092593
1.1683,-1.2501,0.25929,1.3561,0.067705,-0.00054086,-0.00054086,0.0050545,0.54545,1,0.067901
1.1683,-1.0501,3.2365,1.183,0.0013412,-0.0010507,-0.0010507,0.0095372,0.35714,1,0.08642
1.1683,-0.85007,3.4558,1.3042,0.051844,-0.015546,-0.015546,0.026738,0.47826,1,0.14198
1.1683,-0.85007,0.030149,1.4124,0.018213,-0.00792,-0.00792,0.010668,0.47826,1,0.14198
1.1683,-0.65007,0.024759,1.3828,0.028142,-0.013368,-0.013368,0.012732,0.33333,1,0.12963
1.1683,-0.65007,3.1654,1.3815,0.22936,0.01622,0.01622,0.021884,0.66667,1,0.12963
1.1683,-0.45007,0.19192,1.2981,0.034805,-0.024133,-0.024133,0.03325,0.34783,1,0.14198
1.1683,-0.45007,3.1185,1.3687,0.20864,0.018099,0.018099,0.020621,0.65217,1,0.14198
1.1683,-0.25007,3.2581,1.3677,0.067013,-0.00084613,-0.00084613,0.029177,0.42105,1,0.11728
1.1683,-0.25007,0.14324,1.3452,0.032301,-0.026231,-0.026231,0.044014,0.57895,1,0.11728
1.1683,-0.05007,3.1068,1.3861,0.26181,0.044416,0.044416,0.013788,0.61111,1,0.11111
1.1683,-0.05007,0.082154,1.3612,0.02432,0.00090572,0.00090572,0.013575,0.38889,1,0.11111
1.1683,0.14993,2.906,1.3735,0.43858,-0.0036652,-0.0036652,0.020469,0.54555,1,0.1358
1.1683,0.14993,0.11826,1.3565,0.026927,-0.011271,-0.011271,0.031254,0.45445,1,0.1358
1.1683,0.34993,2.47,1.232,0.78794,-0.028376,-0.028376,0.0058026,1,1,0.061728
1.1683,0.54993,2.4905,1.1337,0.54487,-0.026776,-0.026776,0.0013159,0.5,1,0.024691
1.1683,0.74993,6.1251,1.292,2.5887,0.24562,0.24562,0.042573,0.75162,1,0.074074
1.1683,0.74993,2.7683,1.4649,0.015614,0.007356,0.007356,0.0035726,0.24838,1,0.074074
1.1683,0.94993,2.8304,1.4307,0.0031151,-0.0019583,-0.0019583,0.040761,0.45853,1,0.17284
1.1683,0.94993,6.2126,1.3525,1.8842,0.0016196,0.0016196,0.023512,0.54147,1,0.17284
1.1683,1.1499,5.7803,1.2881,0.92056,-0.025224,-0.025224,0.025491,0.44528,1,0.11111
1.1683,1.1499,2.8365,1.4919,0.0060341,0.00075673,0.00075673,0.034492,0.55472,1,0.11111
1.1683,1.3499,0.14536,1.4175,0.18418,-0.030839,-0.030839,0.0051639,0.33333,1,0.037037
1.1683,1.5499,5.6169,1.0416,0.01564,-0.0045811,-0.0045811,0.0013782,0.42857,1,0.04321
1.1683,1.7499,0.10519,1.4184,0.0049946,0.00083031,0.00083031,0.0024994,0.59938,1,0.12346
1.1683,1.7499,3.7231,1.3055,1.3933,-0.11607,-0.11607,0.044756,0.40062,1,0.12346
1.1683,1.9499,2.8122,1.2983,0.38746,0.056715,0.056715,0.033933,0.40741,1,0.16667
1.1683,1.9499,6.2304,1.3711,0.09122,0.021799,0.021799,0.020568,0.59259,1,0.16667
1.1683,2.1499,6.0686,1.2238,2.4244,-0.18241,-0.18241,0.084734,1,1,0.08642
1.1683,2.3499,6.1327,1.2297,0.033664,0.036913,0.036913,0.052415,0.70588,1,0.10494
1.1683,2.5499,6.1208,1.2129,0.035107,0.033732,0.033732,0.044308,0.45455,1,0.1358
1.1683,2.5499,2.5993,1.2141,0.51333,0.21292,0.21292,0.12509,0.54545,1,0.1358
1.1683,2.7499,6.2176,1.1908,0.011375,0.0047217,0.0047217,0.0021932,0.25,1,0.074074
1.1683,2.7499,2.8921,1.4425,0.00088405,-0.0038729,-0.0038729,0.048163,0.41667,1,0.074074
1.1683,2.9499,4.9225,0.56204,2.1215,-0.28908,-0.28908,0.094162,1,1,0.049383
1.1683,3.1499,5.1894,0.18893,3.1674,0.16192,0.16192,0.04516,1,1,0.092593
1.1683,3.3499,5.29,0.058367,3.1177,0.060214,0.060214,0.0021036,1,1,0.055556
1.3683,-2.0501,3.6557,1.3649,0.0095307,0.0074058,0.0074058,0.014233,0.5,1,0.08642
1.3683,-2.0501,0.51581,1.2405,0.023717,0.0048847,0.0048847,0.036916,0.5,1,0.08642
1.3683,-1.8501,0.46681,1.3224,0.018957,0.0089097,0.0089097,0.0095399,0.63636,1,0.067901
1.3683,-1.6501,0.34857,1.3244,0.06816,-0.022299,-0.022299,0.01328,0.7,1,0.061728
1.3683,-1.4501,3.5869,1.2375,0.017518,-0.016483,-0.016483,0.022367,0.33333,1,0.074074
1.3683,-1.4501,0.21299,1.3546,0.080538,-0.02402,-0.02402,0.015224,0.66667,1,0.074074
1.3683,-1.2501,0.33555,1.3564,0.032967,-0.013473,-0.013473,0.021961,0.5,1,0.061728
1.3683,-1.2501,3.5243,1.2502,0.032653,0.00065188,0.00065188,0.019684,0.5,1,0.061728
1.3683,-1.0501,0.097094,1.3514,5.0658,-0.17014,-0.17014,0.0096419,0.85714,1,0.08642
1.3683,-1.0501,3.1715,1.3378,0.00095776,-0.0014982,-0.0014982,0.0023435,0.14286,1,0.08642
1.3683,-0.85007,3.4378,1.3288,0.044257,-0.011,-0.011,0.023404,0.68421,1,0.11728
1.3683,-0.85007,0.15472,1.3906,0.085009,-0.025657,-0.025657,0.013181,0.31579,1,0.11728
1.3683,-0.65007,3.3396,1.3412,0.054541,-0.01524,-0.01524,0.023832,0.75,1,0.12346
1.3683,-0.65007,6.2664,1.418,0.035928,-0.015134,-0.015134,0.014963,0.25,1,0.12346
1.3683,-0.45007,0.12515,1.3029,0.0424,-0.018831,-0.018831,0.034396,0.40909,1,0.1358
1.3683,-0.45007,3.2836,1.3648,0.045207,-0.0017687,-0.0017687,0.020405,0.59091,1,0.1358
1.3683,-0.25007,3.4582,1.4411,0.023229,-0.0096476,-0.0096476,0.03862,0.45,1,0.12346
1.3683,-0.25007,0.16911,1.2588,0.023025,-0.0098058,-0.0098058,0.030915,0.55,1,0.12346
1.3683,-0.05007,3.2518,1.4381,0.050328,0.019841,0.019841,0.013746,0.63158,1,0.11728
1.3683,-0.05007,0.25359,1.0781,0.014569,-0.0037347,-0.0037347,0.0017622,0.21053,1,0.11728
1.3683,0.14993,3.1641,1.3802,0.05009,0.022596,0.022596,0.016431,0.78571,1,0.08642
1.3683,0.34993,2.913,1.2043,0.068524,-0.015023,-0.015023,0.0041188,0.625,1,0.049383
1.3683,0.74993,5.9292,1.2002,0.011653,0.0059637,0.0059637,0.003052,0.13333,1,0.092593
1.3683,0.74993,2.7862,1.3496,0.031563,0.0073799,0.0073799,0.029719,0.53333,1,0.092593
1.3683,0.94993,2.8424,1.4451,0.069856,0.012888,0.012888,0.029404,0.64,1,0.15432
1.3683,0.94993,5.8824,1.323,0.029752,0.0047404,0.0047404,0.019702,0.36,1,0.15432
1.3683,1.1499,2.8334,1.5139,0.0075881,-0.0038475,-0.0038475,0.020463,0.5625,1,0.098765
1.3683,1.1499,5.9604,1.2522,0.16754,0.0080546,0.0080546,0.021804,0.4375,1,0.098765
1.3683,1.5499,2.7182,1.3103,0.14927,0.0066293,0.0066293,0.00067088,0.44444,1,0.055556
1.3683,1.7499,3.1973,1.38,0.0036878,-0.0019408,-0.0019408,0.0025863,0.25,1,0.098765
1.3683,1.7499,0.099818,1.4253,0.0025852,0.00084554,0.00084554,0.0005312,0.375,1,0.098765
1.3683,1.9499,6.2559,1.3667,0.082504,0.015917,0.015917,0.0078756,0.55,1,0.12346
1.3683,1.9499,3.1217,1.2771,0.0023696,0.0042628,0.0042628,0.022144,0.35,1,0.12346
1.3683,2.1499,6.1431,1.2447,0.10682,0.025667,0.025667,0.034104,0.68421,1,0.11728
1.3683,2.1499,2.9781,1.4324,0.10688,-0.005169,-0.005169,0.0085098,0.26316,1,0.11728
1.3683,2.3499,0.35011,1.2422,1.1049,0.015681,0.015681,0.037636,0.78341,1,0.14198
1.3683,2.3499,3.0299,1.4355,0.016951,0.0031812,0.0031812,0.00087089,0.21659,1,0.14198
1.3683,2.5499,3.0234,1.3947,0.026944,-0.014588,-0.014588,0.011327,0.375,1,0.098765
1.3683,2.5499,6.1258,1.3231,0.013603,-0.0019908,-0.0019908,0.011436,0.3125,1,0.098765
1.3683,2.7499,2.9117,1.2552,0.10372,0.040032,0.040032,0.050534,0.49998,1,0.074074
1.3683,2.7499,0.12576,0.56164,0.56626,-0.19592,-0.19592,0.16038,0.50002,1,0.074074
1.3683,2.9499,5.81,0.50495,5.7664,0.90296,0.90296,0.22613,1,1,0.049383
1.3683,3.1499,5.2563,0.16041,4.4617,0.19425,0.19425,0.010557,1,1,0.030864
1.5683,-2.0501,3.6289,1.2995,0.012188,0.0043725,0.0043725,0.0099624,0.5,1,0.049383
1.5683,-1.8501,0.45004,1.2886,0.020968,0.0072833,0.0072833,0.0050602,0.5,1,0.08642
1.5683,-1.6501,0.39011,1.2461,0.038203,0.0039684,0.0039684,0.0042708,0.5,1,0.061728
1.5683,-1.4501,0.29647,1.368,0.015134,0.014112,0.014112,0.013381,0.46154,1,0.080247
1.5683,-1.2501,0.22435,1.3439,0.034868,-0.012037,-0.012037,0.017546,0.46667,1,0.092593
1.5683,-1.2501,3.5019,1.2296,0.036029,0.0084614,0.0084614,0.027153,0.53333,1,0.092593
1.5683,-1.0501,0.20311,1.3614,0.026552,-0.013167,-0.013167,0.015962,0.42857,1,0.08642
1.5683,-0.85007,0.2,1.3778,0.032,-0.0044337,-0.0044337,0.0094113,0.41176,1,0.10494
1.5683,-0.85007,3.3862,1.3217,0.051352,-0.017505,-0.017505,0.021338,0.58824,1,0.10494
1.5683,-0.65007,3.3732,1.3042,0.066074,-0.015775,-0.015775,0.02488,0.63636,1,0.1358
1.5683,-0.65007,0.13911,1.3359,0.024375,-0.0020995,-0.0020995,0.017026,0.36364,1,0.1358
1.5683,-0.45007,3.3252,1.3267,0.062193,-0.0095918,-0.0095918,0.0045991,0.66667,1,0.092593
1.5683,-0.45007,0.15806,1.3237,0.039423,-0.0084316,-0.0084316,0.014435,0.26667,1,0.092593
1.5683,-0.25007,0.12206,1.3315,0.017609,-0.010342,-0.010342,0.032733,0.54167,1,0.14815
1.5683,-0.25007,3.4142,1.4284,0.021344,-0.0033949,-0.0033949,0.036047,0.45833,1,0.14815
1.5683,-0.05007,3.3039,1.4238,0.003761,-0.0030515,-0.0030515,0.010013,0.47619,1,0.12963
1.5683,-0.05007,0.00372,1.3016,0.048762,0.013023,0.013023,0.029818,0.42857,1,0.12963
1.5683,0.14993,3.1641,1.4107,0.085357,0.019238,0.019238,0.016544,0.70588,1,0.10494
1.5683,0.34993,3.3171,1.3865,0.014747,-0.0014946,-0.0014946,0.039415,0.6,1,0.061728
1.5683,0.34993,6.2017,1.4972,0.13201,0.01303,0.01303,0.013225,0.4,1,0.061728
1.5683,0.54993,5.6635,1.1478,0.0010205,-0.00033098,-0.00033098,0.00028232,0.25,1,0.074074
1.5683,0.54993,2.8951,1.2764,0.070985,0.0017697,0.0017697,0.012153,0.58333,1,0.074074
1.5683,0.74993,2.8524,1.3685,0.0078905,0.00093921,0.00093921,0.021918,0.75,1,0.098765
1.5683,0.74993,5.832,1.1878,0.020012,0.0047843,0.0047843,0.0011438,0.125,1,0.098765
1.5683,0.94993,2.8542,1.455,0.003771,-0.00013476,-0.00013476,0.026243,0.77778,1,0.055556
1.5683,1.1499,2.8165,1.3932,0.01079,-0.0045808,-0.0045808,0.016354,0.66667,1,0.055556
1.5683,1.3499,3.2926,1.2497,3.7596,-0.33237,-0.33237,0.044937,1,1,0.074074
1.5683,1.5499,0.57195,1.2069,2.6089,0.22708,0.22708,0.053198,1,1,0.067901
1.5683,1.7499,6.1429,1.337,0.17973,0.050718,0.050718,0.02003,0.7,1,0.12346
1.5683,1.7499,3.0973,1.1832,0.10326,0.0885,0.0885,0.090897,0.3,1,0.12346
1.5683,1.9499,2.9553,1.1567,0.1753,0.080888,0.080888,0.099535,0.39286,1,0.17284
1.5683,1.9499,6.1776,1.2888,0.11877,0.038302,0.038302,0.02279,0.60714,1,0.17284
1.5683,2.1499,6.1729,1.2386,0.041154,0.021345,0.021345,0.025267,0.6875,1,0.098765
1.5683,2.1499,3.0008,1.4307,0.11701,-0.0067642,-0.0067642,0.0086888,0.3125,1,0.098765
1.5683,2.3499,6.1882,1.3268,0.021543,0.0035125,0.0035125,0.031655,0.64286,1,0.08642
1.5683,2.5499,2.9967,1.4642,0.014809,-0.0066548,-0.0066548,0.021545,0.38095,1,0.12963
1.5683,2.5499,6.1259,1.1455,0.032303,-0.01621,-0.01621,0.098953,0.57143,1,0.12963
1.5683,2.7499,5.5305,0.92657,4.2125,-0.69199,-0.69199,0.1665,1,1,0.055556
1.5683,2.9499,0.47875,0.2849,2.9529,0.29234,0.29234,0.12789,1,1,0.08642
1.5683,3.1499,5.1488,0.14018,5.5238,0.14843,0.14843,0.0076845,1,1,0.080247
1.7683,-2.0501,0.58986,1.1707,0.00067678,0.0019155,0.0019155,0.0054214,0.5,1,0.024691
1.7683,-1.8501,3.676,1.3801,0.0011487,-0.00060701,-0.00060701,0.032238,0.46154,1,0.080247
1.7683,-1.8501,0.4283,1.1061,0.024663,-0.01625,-0.01625,0.014341,0.38462,1,0.080247
1.7683,-1.6501,0.42556,1.3299,0.051714,-0.005767,-0.005767,0.041516,0.78571,1,0.08642
1.7683,-1.4501,0.30529,1.3873,0.041281,0.0059654,0.0059654,0.013403,0.63636,1,0.067901
1.7683,-1.2501,3.5723,1.2818,0.048751,0.0017573,0.0017573,0.025107,0.55556,1,0.055556
1.7683,-1.0501,3.4215,1.1591,0.030825,-0.0011027,-0.0011027,0.0044262,0.5,1,0.049383
1.7683,-0.85007,0.1999,1.3575,0.033682,-0.0096801,-0.0096801,0.0064821,0.42105,1,0.11728
1.7683,-0.85007,3.3162,1.3162,0.057049,-0.016018,-0.016018,0.016824,0.57895,1,0.11728
1.7683,-0.65007,3.3702,1.3776,0.043785,-0.0089754,-0.0089754,0.022624,0.64,1,0.15432
1.7683,-0.65007,0.13499,1.358,0.029694,-0.0054843,-0.0054843,0.013453,0.36,1,0.15432
1.7683,-0.45007,3.4254,1.3735,0.023979,-0.0053013,-0.0053013,0.021325,0.76471,1,0.10494
1.7683,-0.25007,0.16528,1.2864,0.033229,-0.014685,-0.014685,0.035142,0.66667,1,0.11111
1.7683,-0.25007,3.4543,1.3291,0.0034216,0.0015848,0.0015848,0.00075995,0.27778,1,0.11111
1.7683,-0.05007,3.2667,1.3997,0.050365,0.00049647,0.00049647,0.01442,0.51724,1,0.17901
1.7683,-0.05007,6.1875,1.3072,0.00055555,-0.00071488,-0.00071488,0.00091991,0.068966,1,0.17901
1.7683,0.14993,0.10358,1.4319,0.0053311,-0.0040018,-0.0040018,0.037545,0.31818,1,0.1358
1.7683,0.14993,3.1393,1.3921,0.083137,0.019564,0.019564,0.015463,0.63636,1,0.1358
1.7683,0.34993,3.4452,1.2771,3.8072,-0.23564,-0.23564,0.026835,1,1,0.067901
1.7683,0.54993,5.7609,1.18,0.02346,0.0042925,0.0042925,0.00088276,0.25,1,0.074074
1.7683,0.54993,2.87,1.4028,0.038584,0.00044576,0.00044576,0.02928,0.66667,1,0.074074
1.7683,0.74993,5.9318,1.3107,0.029376,-0.023561,-0.023561,0.033211,0.38095,1,0.12963
1.7683,0.74993,2.8368,1.441,0.017628,0.0095887,0.0095887,0.040951,0.61905,1,0.12963
1.7683,0.94993,2.8143,1.4709,0.0078389,0.012068,0.012068,0.046386,0.66667,1,0.074074
1.7683,0.94993,5.8518,1.2544,0.015915,0.0096808,0.0096808,0.0059441,0.25,1,0.074074
1.7683,1.3499,5.0787,1.1735,4.0147,-0.18537,-0.18537,0.093524,1,1,0.074074
1.7683,1.5499,5.9213,1.0881,0.30499,0.12161,0.12161,0.065732,0.625,1,0.049383
1.7683,1.7499,0.11505,1.4139,0.0060395,0.0018477,0.0018477,0.0021499,0.52632,1,0.11728
1.7683,1.9499,3.204,1.276,0.67875,-0.023616,-0.023616,0.076037,0.53857,1,0.16049
1.7683,1.9499,0.10402,1.4246,0.0083991,-0.0032023,-0.0032023,0.0085188,0.46143,1,0.16049
1.7683,2.1499,6.1932,1.3085,0.04735,0.030371,0.030371,0.044163,0.64286,1,0.08642
1.7683,2.3499,3.0135,1.3808,0.018568,0.0033615,0.0033615,0.052264,0.52632,1,0.11728
1.7683,2.5499,3.0115,1.3816,0.017093,-0.00059936,-0.00059936,0.072779,0.66667,1,0.092593
1.7683,2.5499,6.2493,1.3164,0.0049464,-0.0031251,-0.0031251,0.0026415,0.26667,1,0.092593
1.7683,2.7499,3.0849,1.1758,0.013176,0.0034763,0.0034763,0.00091718,0.5,1,0.024691
1.7683,2.9499,0.54075,0.20668,2.4017,0.090106,0.090106,0.035875,1,1,0.055556
1.9683,-2.0501,0.37473,1.2398,0.028179,-0.0018197,-0.0018197,0.00011751,0.5,1,0.024691
1.9683,-1.8501,0.5387,1.2284,0.028668,-0.012956,-0.012956,0.056564,0.6,1,0.061728
1.9683,-1.6501,0.44761,1.3098,0.0082302,0.015518,0.015518,0.030709,0.375,1,0.098765
1.9683,-1.6501,3.6416,1.3413,0.0011968,-0.00087327,-0.00087327,0.018838,0.4375,1,0.098765
1.9683,-1.4501,0.44452,1.2886,0.0090857,0.01043,0.01043,0.012358,0.45455,1,0.067901
1.9683,-1.2501,3.5671,1.3311,0.037701,-0.016355,-0.016355,0.0081369,0.45455,1,0.067901
1.9683,-1.0501,3.4575,1.2504,0.042563,-0.0047929,-0.0047929,0.022459,0.625,1,0.098765
1.9683,-1.0501,0.1777,1.4627,0.06114,-0.022219,-0.022219,0.032142,0.375,1,0.098765
1.9683,-0.85007,3.3419,1.3483,0.040617,0.0057152,0.0057152,0.00080417,0.04964,1,0.12346
1.9683,-0.85007,3.337,1.3476,0.040618,0.0057152,0.0057152,0.00080417,0.05036,1,0.12346
1.9683,-0.85007,0.11358,1.402,0.04294,-0.027848,-0.027848,0.022329,0.4,1,0.12346
1.9683,-0.65007,0.087636,1.3528,0.027875,-0.0054202,-0.0054202,0.0073451,0.30435,1,0.14198
1.9683,-0.65007,3.2537,1.392,0.040025,-0.00047736,-0.00047736,0.018067,0.69565,1,0.14198
1.9683,-0.45007,3.4001,1.3539,0.030491,-0.009759,-0.009759,0.012565,0.6,1,0.12346
1.9683,-0.45007,0.12851,1.3693,0.044954,-0.025593,-0.025593,0.026744,0.4,1,0.12346
1.9683,-0.25007,3.3374,1.3632,0.075366,-0.0017204,-0.0017204,0.008903,0.52174,1,0.14198
1.9683,-0.05007,0.069798,1.2916,0.03577,0.0022545,0.0022545,0.032205,0.5,1,0.14815
1.9683,-0.05007,3.3034,1.3408,0.046276,-0.0032469,-0.0032469,0.024402,0.5,1,0.14815
1.9683,0.14993,6.1703,1.3751,0.15243,0.011098,0.011098,0.028698,0.26316,1,0.11728
1.9683,0.14993,3.2184,1.3743,0.046425,0.0075575,0.0075575,0.028798,0.73684,1,0.11728
1.9683,0.34993,5.7154,1.2602,0.006568,-0.0079011,-0.0079011,0.022035,0.38462,1,0.080247
1.9683,0.34993,3.0849,1.3621,0.053243,0.019988,0.019988,0.022917,0.61538,1,0.080247
1.9683,0.54993,2.9997,1.3746,0.029496,-0.022161,-0.022161,0.032594,0.76923,1,0.080247
1.9683,0.74993,5.9341,1.3657,0.027376,-0.017458,-0.017458,0.049127,0.38095,1,0.12963
1.9683,0.74993,2.8989,1.5075,0.015191,-0.013353,-0.013353,0.029102,0.61905,1,0.12963
1.9683,0.94993,5.8193,1.4273,0.0059884,-0.00012919,-0.00012919,0.021179,0.3125,1,0.098765
1.9683,0.94993,2.808,1.4207,0.019015,0.0007051,0.0007051,0.03957,0.6875,1,0.098765
1.9683,1.1499,5.5942,0.96019,0.017944,0.016154,0.016154,0.025812,0.4,1,0.061728
1.9683,1.1499,2.7264,1.211,0.017634,0.025042,0.025042,0.087118,0.6,1,0.061728
1.9683,1.3499,5.5717,1.0449,0.010732,0.0071226,0.0071226,0.052361,0.5,1,0.061728
1.9683,1.5499,6.2417,1.1618,2.6811,-0.35581,-0.35581,0.072805,1,1,0.04321
1.9683,1.7499,3.8784,1.2854,2.3374,0.09966,0.09966,0.04949,1,1,0.08642
1.9683,1.9499,3.241,1.3578,0.0048368,-0.0017542,-0.0017542,0.026059,0.40909,1,0.1358
1.9683,1.9499,0.028172,1.3691,0.018663,0.0033567,0.0033567,0.015247,0.59091,1,0.1358
1.9683,2.1499,6.262,1.3061,0.015954,0.0032995,0.0032995,0.020311,0.61905,1,0.12963
1.9683,2.1499,3.169,1.4545,0.0048317,0.00078946,0.00078946,0.010795,0.38095,1,0.12963
1.9683,2.3499,6.1513,1.3413,0.02374,0.0095202,0.0095202,0.024319,0.52174,1,0.14198
1.9683,2.3499,3.0336,1.3844,0.012092,-0.0062881,-0.0062881,0.011061,0.47826,1,0.14198
1.9683,2.5499,6.069,1.304,0.01988,0.0073487,0.0073487,0.014406,0.44444,1,0.11111
1.9683,2.5499,3.0299,1.3236,0.014863,0.0059128,0.0059128,0.044653,0.55556,1,0.11111
2.1683,-1.6501,0.52286,1.0357,0.027645,-0.0045449,-0.0045449,0.011241,0.44444,1,0.055556
2.1683,-1.6501,3.6262,1.3206,0.0033306,0.0053404,0.0053404,0.017517,0.55556,1,0.055556
2.1683,-1.4501,0.11608,1.3575,0.0043076,-0.0036921,-0.0036921,0.0031717,0.21429,1,0.08642
2.1683,-1.2501,0.31435,1.4216,0.030878,0.0067189,0.0067189,0.020968,0.61111,1,0.11111
2.1683,-1.2501,3.5853,1.3743,0.038108,-0.025064,-0.025064,0.016758,0.27778,1,0.11111
2.1683,-1.0501,0.31019,1.3241,0.00010191,0.00050152,0.00050152,0.0024681,0.11111,1,0.11111
2.1683,-1.0501,3.4821,1.3077,0.038031,0.00091951,0.00091951,0.028008,0.61111,1,0.11111
2.1683,-0.85007,0.23185,1.3156,0.020485,0.0022437,0.0022437,0.011722,0.47059,1,0.10494
2.1683,-0.85007,3.3222,1.3561,0.063518,-0.0031494,-0.0031494,0.011072,0.52941,1,0.10494
2.1683,-0.65007,0.17644,1.3742,0.02378,0.0068077,0.0068077,0.013609,0.47059,1,0.10494
2.1683,-0.65007,3.3591,1.3194,0.07157,-0.012281,-0.012281,0.019054,0.52941,1,0.10494
2.1683,-0.45007,3.4371,1.3055,0.0354,-0.00093104,-0.00093104,0.011235,0.73333,1,0.092593
2.1683,-0.45007,0.19979,1.4314,0.030244,-0.001655,-0.001655,0.017903,0.26667,1,0.092593
2.1683,-0.25007,3.3266,1.3264,0.098126,-0.00077656,-0.00077656,0.0060632,0.5,1,0.11111
2.1683,-0.05007,0.10282,1.3156,0.047101,-0.00019939,-0.00019939,0.025761,0.58621,1,0.17901
2.1683,-0.05007,3.2753,1.3707,0.060829,0.0057863,0.0057863,0.048681,0.41379,1,0.17901
2.1683,0.14993,6.189,1.2657,0.12211,-0.0077313,-0.0077313,0.013416,0.4,1,0.15432
2.1683,0.14993,3.1963,1.353,0.056732,0.015547,0.015547,0.046942,0.6,1,0.15432
2.1683,0.34993,3.1794,1.3843,0.037024,0.0077516,0.0077516,0.029186,0.63636,1,0.1358
2.1683,0.34993,6.0651,1.3097,0.093513,0.023453,0.023453,0.026922,0.36364,1,0.1358
2.1683,0.54993,3.0565,1.3929,0.041234,-0.0060158,-0.0060158,0.02841,0.68182,1,0.1358
2.1683,0.54993,5.9374,1.237,0.021797,-0.010115,-0.010115,0.026782,0.31818,1,0.1358
2.1683,0.74993,2.9277,1.3624,0.013951,-0.0012592,-0.0012592,0.023524,0.68421,1,0.11728
2.1683,0.74993,5.8563,1.2144,0.034751,0.011535,0.011535,0.0038646,0.21053,1,0.11728
2.1683,0.94993,2.7835,1.3376,0.023232,0.013043,0.013043,0.10049,0.57143,1,0.08642
2.1683,0.94993,5.5737,1.0152,0.010772,0.010842,0.010842,0.010934,0.21429,1,0.08642
2.1683,1.1499,5.5137,1.0344,0.00051973,0.0024968,0.0024968,0.017322,0.25,1,0.074074
2.1683,1.7499,0.10483,1.3974,0.0045152,0.0012834,0.0012834,0.0021424,0.5,1,0.098765
2.1683,1.7499,3.3325,1.3546,0.041682,0.0058608,0.0058608,0.014799,0.4375,1,0.098765
2.1683,1.9499,0.11401,1.346,0.031408,0.0034021,0.0034021,0.0059124,0.57692,1,0.16049
2.1683,1.9499,3.2369,1.3473,0.010349,-0.0035799,-0.0035799,0.01931,0.42308,1,0.16049
2.1683,2.1499,3.1485,1.4805,0.012006,0.0026304,0.0026304,0.0053436,0.4,1,0.092593
2.1683,2.1499,0.017134,1.3068,0.027595,0.0064128,0.0064128,0.015298,0.6,1,0.092593
2.1683,2.3499,3.0392,1.367,0.0039691,-0.0040993,-0.0040993,0.0079396,0.33333,1,0.11111
2.1683,2.5499,3.071,1.3154,0.0058038,0.00023383,0.00023383,0.010016,0.61538,1,0.080247
2.1683,2.5499,6.1634,1.3098,0.0040566,0.0014027,0.0014027,0.0004853,0.23077,1,0.080247
2.3683,-1.8501,5.0184,1.1736,2.0888,0.28691,0.28691,0.081658,1,1,0.024691
2.3683,-1.6501,0.34809,1.2116,0.030634,-0.014647,-0.014647,0.03182,0.77778,1,0.055556
2.3683,-1.4501,0.3979,1.2506,0.028031,-0.006877,-0.006877,0.039285,0.71429,1,0.08642
2.3683,-1.2501,0.27045,1.4084,0.017306,-0.0047736,-0.0047736,0.0015521,0.23077,1,0.080247
2.3683,-1.2501,3.578,1.4502,0.0088138,-0.00036287,-0.00036287,0.01807,0.53846,1,0.080247
2.3683,-1.0501,3.4765,1.3725,0.016552,-0.0059389,-0.0059389,0.0037805,0.35714,1,0.08642
2.3683,-1.0501,0.36785,1.3348,0.001943,0.0033188,0.0033188,0.033248,0.5,1,0.08642
2.3683,-0.85007,3.3333,1.2807,0.053239,-0.0059793,-0.0059793,0.026403,0.66667,1,0.12963
2.3683,-0.85007,0.29669,1.3554,0.012524,-0.0008538,-0.0008538,0.014444,0.33333,1,0.12963
2.3683,-0.65007,5.9955,1.3444,4.2547,0.23296,0.23296,0.021208,1,1,0.11111
2.3683,-0.45007,0.19718,1.2509,0.080752,0.016438,0.016438,0.0045815,0.26316,1,0.11728
2.3683,-0.45007,3.4497,1.3824,0.030804,-0.0044626,-0.0044626,0.015257,0.57895,1,0.11728
2.3683,-0.25007,0.063804,1.3192,0.048992,-0.0044292,-0.0044292,0.015516,0.54167,1,0.14815
2.3683,-0.25007,3.444,1.4092,0.031042,-0.008967,-0.008967,0.0082315,0.45833,1,0.14815
2.3683,-0.05007,0.065273,1.3082,0.066998,-0.0038282,-0.0038282,0.024775,0.51724,1,0.17901
2.3683,-0.05007,3.2354,1.3775,0.073186,0.018772,0.018772,0.036357,0.48276,1,0.17901
2.3683,0.14993,3.2444,1.3459,0.022905,-0.0020925,-0.0020925,0.00034291,0.25821,1,0.14198
2.3683,0.14993,5.5384,1.3044,3.0669,0.25605,0.25605,0.050378,0.74179,1,0.14198
2.3683,0.34993,3.1943,1.3825,0.044102,-0.018688,-0.018688,0.0401,0.53333,1,0.092593
2.3683,0.34993,6.0458,1.5537,0.0043014,0.0058958,0.0058958,0.0080811,0.13333,1,0.092593
2.3683,0.54993,2.9572,1.4747,0.033542,4.9864e-05,4.9864e-05,0.030108,0.66667,1,0.12963
2.3683,0.54993,6.0285,1.3637,0.0053939,0.00050059,0.00050059,0.060464,0.33333,1,0.12963
2.3683,0.74993,5.903,1.2184,0.030534,0.017669,0.017669,0.067889,0.5,1,0.11111
2.3683,0.74993,2.8997,1.4396,0.0079077,0.0095091,0.0095091,0.051469,0.5,1,0.11111
2.3683,0.94993,2.8443,1.2855,0.00015019,-0.00037801,-0.00037801,0.00095141,0.16667,1,0.074074
2.3683,0.94993,5.5357,1.1188,0.0018367,0.0074354,0.0074354,0.034378,0.33333,1,0.074074
2.3683,1.1499,5.5214,1.2433,0.005441,0.0067511,0.0067511,0.0094324,0.5,1,0.037037
2.3683,1.7499,0.13329,1.374,0.002155,0.0010055,0.0010055,0.00132,0.55556,1,0.055556
2.3683,1.9499,3.2392,1.3508,0.0099487,0.0045734,0.0045734,0.027922,0.45833,1,0.14815
2.3683,1.9499,0.079025,1.394,0.01102,0.00073281,0.00073281,0.0061576,0.54167,1,0.14815
2.3683,2.1499,3.1775,1.4466,0.016014,-0.00047251,-0.00047251,0.0194,0.42857,1,0.17284
2.3683,2.1499,0.022889,1.3662,0.015397,-0.0015927,-0.0015927,0.013105,0.57143,1,0.17284
2.3683,2.3499,3.0357,1.4778,0.0078958,-0.0013446,-0.0013446,0.028251,0.47826,1,0.14198
2.3683,2.3499,6.2005,1.3456,0.01041,0.001869,0.001869,0.013332,0.52174,1,0.14198
2.3683,2.5499,6.1678,1.2765,0.011638,0.0030723,0.0030723,0.012265,0.41667,1,0.074074
2.5683,-1.6501,0.42905,1.2547,0.006865,0.0018681,0.0018681,0.0019435,0.42857,1,0.04321
2.5683,-1.4501,0.33338,1.2265,0.025053,-0.016391,-0.016391,0.024993,0.625,1,0.098765
2.5683,-1.4501,3.6211,1.2885,0.0027322,-0.0016734,-0.0016734,0.012654,0.375,1,0.098765
2.5683,-1.2501,3.6102,1.3885,0.00068258,0.00063511,0.00063511,0.00097364,0.25,1,0.074074
2.5683,-1.2501,0.31675,1.2503,0.019354,-0.010259,-0.010259,0.028632,0.66667,1,0.074074
2.5683,-1.0501,0.24387,1.4279,0.052607,-0.026912,-0.026912,0.019705,0.61538,1,0.080247
2.5683,-1.0501,3.4383,1.3689,0.0090695,-0.0019319,-0.0019319,0.00079841,0.23077,1,0.080247
2.5683,-0.85007,3.2728,1.3272,0.036622,-0.001452,-0.001452,0.026941,0.59091,1,0.1358
2.5683,-0.85007,0.22358,1.3277,0.033575,-0.015578,-0.015578,0.012181,0.40909,1,0.1358
2.5683,-0.65007,0.21459,1.3119,0.031969,-0.014221,-0.014221,0.015162,0.54167,1,0.14815
2.5683,-0.65007,3.1864,1.382,0.029909,0.0091391,0.0091391,0.026268,0.45833,1,0.14815
2.5683,-0.45007,0.09135,1.3812,0.0077864,-0.0083581,-0.0083581,0.018779,0.29167,1,0.14815
2.5683,-0.45007,3.3561,1.3758,0.060426,-0.0070573,-0.0070573,0.019788,0.70833,1,0.14815
2.5683,-0.25007,3.4046,1.3593,0.047986,-0.0084796,-0.0084796,0.0063019,0.56522,1,0.14198
2.5683,-0.25007,6.1854,1.317,0.058449,0.010468,0.010468,0.013565,0.43478,1,0.14198
2.5683,-0.05007,3.2403,1.3644,0.068747,0.0095641,0.0095641,0.021632,0.52174,1,0.14198
2.5683,-0.05007,6.2429,1.3277,0.051347,0.00091417,0.00091417,0.021851,0.47826,1,0.14198
2.5683,0.14993,3.2769,1.3128,0.0498,-0.007335,-0.007335,0.030814,0.58065,1,0.19136
2.5683,0.14993,0.028055,1.2776,0.056928,-0.0010409,-0.0010409,0.024275,0.41935,1,0.19136
2.5683,0.34993,6.0975,1.3453,0.041257,0.010291,0.010291,0.031061,0.28,1,0.15432
2.5683,0.34993,3.1177,1.3626,0.048141,-0.012007,-0.012007,0.038615,0.72,1,0.15432
2.5683,0.54993,2.96,1.4367,0.028012,-0.0010029,-0.0010029,0.041473,0.69231,1,0.16049
2.5683,0.54993,5.9535,1.4506,0.017344,0.0056999,0.0056999,0.058912,0.30769,1,0.16049
2.5683,0.74993,2.9013,1.4646,0.032524,-0.0061062,-0.0061062,0.043267,0.625,1,0.14815
2.5683,0.74993,5.7953,1.0695,0.036405,0.064156,0.064156,0.25639,0.375,1,0.14815
2.5683,0.94993,2.8091,1.2882,0.029067,-0.00057234,-0.00057234,0.11137,0.53846,1,0.080247
2.5683,0.94993,5.6266,0.67909,0.020036,-0.0073377,-0.0073377,0.11732,0.46154,1,0.080247
2.5683,1.7499,6.2475,1.3781,0.037086,0.0091867,0.0091867,0.007733,0.55556,1,0.055556
2.5683,1.9499,0.056999,1.3799,0.033096,-0.0046214,-0.0046214,0.010184,0.55556,1,0.16667
2.5683,1.9499,3.2305,1.3355,0.012774,0.011318,0.011318,0.033611,0.44444,1,0.16667
2.5683,2.1499,0.040974,1.3834,0.030052,-0.011514,-0.011514,0.011025,0.53333,1,0.18519
2.5683,2.1499,3.1524,1.4238,0.01144,0.00048494,0.00048494,0.029951,0.46667,1,0.18519
2.5683,2.3499,3.0632,1.3828,0.017142,-0.0058866,-0.0058866,0.01723,0.38095,1,0.12963
2.5683,2.3499,6.172,1.3527,0.01217,-0.0025727,-0.0025727,0.014505,0.61905,1,0.12963
2.5683,2.5499,3.1209,1.2867,0.014954,0.0028523,0.0028523,0.015889,0.57143,1,0.08642
2.5683,2.5499,6.1932,1.3307,0.0050892,-0.0034873,-0.0034873,0.011399,0.42857,1,0.08642
2.7683,-1.4501,3.6791,1.1628,0.00018171,0.00090619,0.00090619,0.0045192,0.2,1,0.061728
2.7683,-1.2501,3.5487,1.4222,0.0017684,-0.0021311,-0.0021311,0.010088,0.26667,1,0.092593
2.7683,-1.2501,0.3078,1.2838,0.025408,-0.0013614,-0.0013614,0.010714,0.73333,1,0.092593
2.7683,-1.0501,0.26668,1.4325,0.051902,-0.015154,-0.015154,0.032044,0.52381,1,0.12963
2.7683,-1.0501,3.4244,1.3427,0.033074,0.019057,0.019057,0.049715,0.47619,1,0.12963
2.7683,-0.85007,3.3106,1.2843,0.041393,0.0047785,0.0047785,0.022888,0.58333,1,0.14815
2.7683,-0.85007,0.31586,1.3753,0.033154,-0.010487,-0.010487,0.022938,0.41667,1,0.14815
2.7683,-0.65007,0.27322,1.3118,0.021045,-0.00076708,-0.00076708,0.012491,0.6,1,0.12346
2.7683,-0.65007,3.3305,1.2923,0.074262,0.0087313,0.0087313,0.031306,0.4,1,0.12346
2.7683,-0.45007,3.3518,1.3387,0.092823,-0.008998,-0.008998,0.024038,0.45455,1,0.1358
2.7683,-0.45007,0.18843,1.356,0.035747,0.0037825,0.0037825,0.014667,0.54545,1,0.1358
2.7683,-0.25007,3.3564,1.3405,0.053625,0.0021766,0.0021766,0.0094739,0.48,1,0.15432
2.7683,-0.25007,0.065082,1.3545,0.05423,0.0042938,0.0042938,0.010921,0.52,1,0.15432
2.7683,-0.05007,3.3373,1.3561,0.050809,0.012633,0.012633,0.013832,0.5,1,0.20988
2.7683,-0.05007,0.019939,1.3076,0.045535,-0.0013045,-0.0013045,0.017214,0.5,1,0.20988
2.7683,0.14993,0.11152,1.2319,0.023367,-0.010925,-0.010925,0.012059,0.34483,1,0.17901
2.7683,0.14993,3.266,1.3595,0.026192,0.0066014,0.0066014,0.04158,0.65517,1,0.17901
2.7683,0.34993,3.1477,1.4024,0.053735,-0.0073814,-0.0073814,0.044499,0.74074,1,0.16667
2.7683,0.34993,6.264,1.243,0.061993,-0.016956,-0.016956,0.0061472,0.25926,1,0.16667
2.7683,0.54993,6.0856,1.2645,0.0020847,-0.0002084,-0.0002084,0.0012366,0.15385,1,0.16049
2.7683,0.54993,3.0287,1.4163,0.022294,0.0073687,0.0073687,0.035453,0.69231,1,0.16049
2.7683,0.74993,5.8938,1.0243,0.044772,-0.01304,-0.01304,0.14728,0.45833,1,0.14815
2.7683,0.74993,2.9784,1.3667,0.038797,-0.011929,-0.011929,0.087618,0.54167,1,0.14815
2.7683,0.94993,2.833,1.1429,0.053934,-0.079071,-0.079071,0.15518,0.44444,1,0.055556
2.7683,0.94993,5.7073,1.1933,0.013813,0.0095332,0.0095332,0.010114,0.33333,1,0.055556
2.7683,1.7499,3.3611,1.4354,0.0046792,0.0023111,0.0023111,0.0026386,0.55556,1,0.055556
2.7683,1.9499,0.11101,1.3925,0.0063186,0.0055436,0.0055436,0.0075417,0.46429,1,0.17284
2.7683,1.9499,3.2236,1.3332,0.016986,0.013179,0.013179,0.024077,0.46429,1,0.17284
2.7683,2.1499,0.05909,1.3778,0.013954,0.002273,0.002273,0.011905,0.59091,1,0.1358
2.7683,2.1499,3.1506,1.3959,0.0095257,0.0013849,0.0013849,0.015575,0.40909,1,0.1358
2.7683,2.3499,6.2342,1.3555,0.011709,-0.0012953,-0.0012953,0.018082,0.55,1,0.12346
2.7683,2.3499,3.1086,1.3544,0.00041677,-0.0011464,-0.0011464,0.0031534,0.1,1,0.12346
2.9683,-1.4501,0.31131,1.2891,0.026071,-0.0033016,-0.0033016,0.010999,0.72727,1,0.067901
2.9683,-1.2501,0.31923,1.226,0.026101,-1.4139e-05,-1.4139e-05,0.011744,0.64286,1,0.08642
2.9683,-1.2501,3.5385,1.2731,0.00092761,-0.00078353,-0.00078353,0.026979,0.35714,1,0.08642
2.9683,-1.0501,0.33326,1.2964,0.021649,0.0089876,0.0089876,0.032675,0.42105,1,0.11728
2.9683,-1.0501,3.4839,1.3234,0.021902,0.018879,0.018879,0.051319,0.57895,1,0.11728
2.9683,-0.85007,3.3172,1.2907,0.044136,0.0051994,0.0051994,0.021889,0.78947,1,0.11728
2.9683,-0.85007,0.38265,1.4533,0.020114,0.0046166,0.0046166,0.016846,0.21053,1,0.11728
2.9683,-0.65007,0.18228,1.3066,0.014882,-0.0018949,-0.0018949,0.012705,0.6,1,0.12346
2.9683,-0.65007,3.3025,1.3829,0.035419,-0.0066597,-0.0066597,0.0069078,0.4,1,0.12346
2.9683,-0.45007,3.2461,1.4403,0.023697,-0.0020053,-0.0020053,0.0041726,0.26316,1,0.11728
2.9683,-0.45007,0.08388,1.3865,0.070023,0.00032957,0.00032957,0.021333,0.73684,1,0.11728
2.9683,-0.25007,6.2016,1.3402,0.057795,-0.0082206,-0.0082206,0.0011693,0.1,1,0.12346
2.9683,-0.25007,3.3622,1.3777,0.070263,0.002825,0.002825,0.0097211,0.5,1,0.12346
2.9683,-0.05007,0.042463,1.3211,0.047125,0.0061781,0.0061781,0.023613,0.44828,1,0.17901
2.9683,-0.05007,3.4146,1.3493,0.046781,0.0039274,0.0039274,0.0073554,0.55172,1,0.17901
2.9683,0.14993,0.016394,1.3917,0.053635,0.0026167,0.0026167,0.025367,0.44,1,0.15432
2.9683,0.14993,3.3018,1.4028,0.072322,-0.011501,-0.011501,0.02758,0.56,1,0.15432
2.9683,0.34993,3.1568,1.405,0.064833,-0.013818,-0.013818,0.064467,0.74194,1,0.19136
2.9683,0.34993,0.0117,1.3887,0.04379,-0.0027767,-0.0027767,0.026134,0.25806,1,0.19136
2.9683,0.54993,3.0164,1.3836,0.021339,0.0035559,0.0035559,0.055032,0.59091,1,0.1358
2.9683,0.54993,6.0326,1.1566,0.0062797,0.0082768,0.0082768,0.055532,0.40909,1,0.1358
2.9683,0.74993,3.0077,1.2362,0.023667,0.0021289,0.0021289,0.076492,0.58824,1,0.10494
2.9683,0.74993,5.9834,0.93396,0.064068,-0.051545,-0.051545,0.088435,0.41176,1,0.10494
2.9683,0.94993,2.9705,0.82631,0.014043,-0.019175,-0.019175,0.030825,0.5,1,0.049383
2.9683,1.7499,6.2586,1.3118,0.012393,0.0046382,0.0046382,0.0052396,0.57143,1,0.04321
2.9683,1.9499,3.2074,1.3325,0.013557,0.010859,0.010859,0.021125,0.4,1,0.18519
2.9683,1.9499,0.027241,1.352,0.025442,-0.0024747,-0.0024747,0.0085737,0.6,1,0.18519
2.9683,2.1499,0.0029924,1.3461,0.025413,-0.0055811,-0.0055811,0.0095883,0.5,1,0.20988
2.9683,2.1499,3.0935,1.4261,0.014621,-0.003013,-0.003013,0.032725,0.5,1,0.20988
2.9683,2.3499,6.2529,1.3569,0.009431,-0.0020312,-0.0020312,0.018629,0.5,1,0.14815
2.9683,2.3499,3.0756,1.4217,0.011152,-0.0010441,-0.0010441,0.037759,0.5,1,0.14815
2.9683,2.5499,3.2004,1.3446,0.0012156,0.0043426,0.0043426,0.015514,0.2,1,0.061728
2.9683,2.5499,6.2273,1.2742,0.0086939,-0.0050384,-0.0050384,0.016716,0.5,1,0.061728
3.1683,-1.2501,0.22053,1.3034,0.0048621,-0.0034054,-0.0034054,0.010838,0.66667,1,0.074074
3.1683,-1.2501,3.5312,1.1107,0.0016757,-0.0014784,-0.0014784,0.0013043,0.16667,1,0.074074
3.1683,-1.0501,0.19366,1.3874,0.017557,-0.017436,-0.017436,0.027284,0.41176,1,0.10494
3.1683,-1.0501,3.469,1.2666,0.030847,-0.0092095,-0.0092095,0.04628,0.58824,1,0.10494
3.1683,-0.85007,3.3265,1.3073,0.031441,0.00095826,0.00095826,0.023121,0.66667,1,0.14815
3.1683,-0.85007,0.26101,1.3453,0.02181,-0.006303,-0.006303,0.014998,0.33333,1,0.14815
3.1683,-0.65007,0.22137,1.3289,0.034512,-0.0069148,-0.0069148,0.01939,0.51852,1,0.16667
3.1683,-0.65007,3.2479,1.3638,0.042607,-0.0030126,-0.0030126,0.01305,0.48148,1,0.16667
3.1683,-0.45007,0.14094,1.3352,0.058929,-0.0060299,-0.0060299,0.019236,0.59091,1,0.1358
3.1683,-0.45007,3.248,1.4518,0.027004,-0.00095393,-0.00095393,0.0079602,0.40909,1,0.1358
3.1683,-0.25007,3.4239,1.3806,0.040435,-0.0084649,-0.0084649,0.01357,0.54545,1,0.1358
3.1683,-0.25007,0.043067,1.3458,0.071304,0.00056719,0.00056719,0.0086751,0.45455,1,0.1358
3.1683,-0.05007,3.3928,1.3507,0.039629,-0.0053537,-0.0053537,0.0080507,0.55172,1,0.17901
3.1683,-0.05007,0.055734,1.369,0.034141,0.01505,0.01505,0.032712,0.44828,1,0.17901
3.1683,0.14993,0.041752,1.3713,0.067067,-0.019287,-0.019287,0.034778,0.43243,1,0.2284
3.1683,0.14993,3.2536,1.3727,0.043764,-0.011799,-0.011799,0.030674,0.56757,1,0.2284
3.1683,0.34993,3.1021,1.3881,0.054896,-0.019411,-0.019411,0.041706,0.66667,1,0.27778
3.1683,0.34993,6.2716,1.3913,0.066906,-0.03137,-0.03137,0.038559,0.33333,1,0.27778
3.1683,0.54993,6.0948,1.2397,0.045691,0.005559,0.005559,0.053945,0.30556,1,0.22222
3.1683,0.54993,3.1016,1.3731,0.037467,-0.012358,-0.012358,0.04122,0.69444,1,0.22222
3.1683,0.74993,3.0388,1.3317,0.027848,0.010112,0.010112,0.042037,0.58824,1,0.10494
3.1683,0.74993,6.0318,1.006,0.025304,-0.014572,-0.014572,0.072794,0.41176,1,0.10494
3.1683,1.9499,6.2599,1.341,0.028949,0.00029385,0.00029385,0.017531,0.58621,1,0.17901
3.1683,1.9499,3.2062,1.3249,0.0083197,0.0096462,0.0096462,0.031671,0.41379,1,0.17901
3.1683,2.1499,3.1277,1.489,0.018393,-0.0054048,-0.0054048,0.031293,0.44444,1,0.22222
3.1683,2.1499,6.2635,1.3618,0.026813,-0.0044372,-0.0044372,0.016771,0.55556,1,0.22222
3.1683,2.3499,3.0676,1.4546,0.01288,0.0020392,0.0020392,0.055323,0.57895,1,0.11728
3.1683,2.3499,6.2065,1.3699,0.014125,-0.0045157,-0.0045157,0.018027,0.42105,1,0.11728
3.3683,-1.2501,0.2539,1.3198,0.013473,-0.01023,-0.01023,0.020888,0.78571,1,0.08642
3.3683,-1.0501,0.24519,1.3462,0.017389,-0.013813,-0.013813,0.03287,0.52381,1,0.12963
3.3683,-1.0501,3.399,1.2548,0.033606,-0.010543,-0.010543,0.045363,0.47619,1,0.12963
3.3683,-0.85007,3.3272,1.3121,0.017522,0.010253,0.010253,0.039454,0.65217,1,0.14198
3.3683,-0.85007,0.42145,1.2742,0.01002,0.0098322,0.0098322,0.010014,0.21739,1,0.14198
3.3683,-0.65007,3.4058,1.3517,0.029457,0.0068666,0.0068666,0.018682,0.64706,1,0.10494
3.3683,-0.65007,0.34651,1.4327,0.025278,-0.0053404,-0.0053404,0.0049848,0.35294,1,0.10494
3.3683,-0.45007,0.19079,1.3774,0.027968,0.0024421,0.0024421,0.0037511,0.69231,1,0.080247
3.3683,-0.25007,0.077122,1.3888,0.049323,0.00414,0.00414,0.013236,0.66667,1,0.11111
3.3683,-0.25007,3.1715,1.3013,0.035916,0.0078741,0.0078741,0.0029029,0.27778,1,0.11111
3.3683,-0.05007,0.097941,1.386,0.039906,0.0054225,0.0054225,0.024885,0.51613,1,0.19136
3.3683,-0.05007,3.2962,1.3535,0.051716,0.0044388,0.0044388,0.0058174,0.48387,1,0.19136
3.3683,0.14993,0.003754,1.3719,0.070463,-0.018348,-0.018348,0.023108,0.40541,1,0.2284
3.3683,0.14993,3.2862,1.4046,0.06331,-0.0097243,-0.0097243,0.013075,0.59459,1,0.2284
3.3683,0.34993,3.221,1.3595,0.064583,-0.02222,-0.02222,0.041385,0.68293,1,0.25309
3.3683,0.34993,6.1906,1.2882,0.066981,-0.027608,-0.027608,0.042078,0.31707,1,0.25309
3.3683,0.54993,3.1419,1.4015,0.028506,-0.0012918,-0.0012918,0.041457,0.72727,1,0.2037
3.3683,0.54993,6.1401,1.2258,0.05164,-0.0028647,-0.0028647,0.033738,0.27273,1,0.2037
3.3683,0.74993,3.08,1.2961,0.018828,0.013107,0.013107,0.073956,0.6875,1,0.098765
3.3683,0.74993,5.9838,1.2274,0.017792,0.0093264,0.0093264,0.0072144,0.25,1,0.098765
3.3683,1.7499,6.1626,1.2547,0.0020232,0.0029161,0.0029161,0.0042029,0.33333,1,0.037037
3.3683,1.9499,3.1996,1.3671,0.013095,0.007694,0.007694,0.032515,0.46154,1,0.16049
3.3683,1.9499,0.040756,1.3431,0.018515,0.0073542,0.0073542,0.025856,0.53846,1,0.16049
3.3683,2.1499,0.03139,1.3197,0.019292,0.0056742,0.0056742,0.020457,0.56098,1,0.25309
3.3683,2.1499,3.1591,1.3795,0.019473,0.0082744,0.0082744,0.017186,0.43902,1,0.25309
3.3683,2.3499,6.2446,1.3145,0.017794,-0.00065022,-0.00065022,0.012709,0.56522,1,0.14198
3.3683,2.3499,3.0969,1.3154,0.020061,0.017429,0.017429,0.029056,0.43478,1,0.14198
3.3683,2.5499,3.0614,1.1112,0.0081841,0.0071937,0.0071937,0.0066117,0.57143,1,0.04321
3.5683,-1.0501,0.31375,1.3117,0.0065282,-0.0065525,-0.0065525,0.020558,0.6875,1,0.098765
3.5683,-1.0501,3.4335,1.1679,0.029401,-0.00080322,-0.00080322,0.016311,0.3125,1,0.098765
3.5683,-0.85007,3.3951,1.3055,0.034059,0.0092539,0.0092539,0.045094,0.63158,1,0.11728
3.5683,-0.85007,0.25357,1.3871,0.0022821,-0.0074767,-0.0074767,0.036625,0.36842,1,0.11728
3.5683,-0.65007,3.3553,1.3397,0.038413,-0.0025884,-0.0025884,0.026476,0.61905,1,0.12963
3.5683,-0.65007,0.19892,1.3101,0.0056349,0.001713,0.001713,0.0064779,0.38095,1,0.12963
3.5683,-0.45007,0.19047,1.2797,0.028469,-0.011477,-0.011477,0.010005,0.64706,1,0.10494
3.5683,-0.45007,3.3657,1.3791,0.038642,-0.017883,-0.017883,0.010978,0.35294,1,0.10494
3.5683,-0.25007,0.14338,1.3605,0.077635,-0.0054913,-0.0054913,0.024323,0.54545,1,0.1358
3.5683,-0.25007,3.2179,1.3571,0.044334,0.0083214,0.0083214,0.009357,0.45455,1,0.1358
3.5683,-0.05007,0.088377,1.3873,0.05468,0.0056414,0.0056414,0.015112,0.5,1,0.16049
3.5683,-0.05007,3.3562,1.3531,0.057368,0.0046337,0.0046337,0.0058327,0.5,1,0.16049
3.5683,0.14993,0.22043,1.3529,0.0028719,-0.0027526,-0.0027526,0.0030818,0.17857,1,0.17284
3.5683,0.14993,3.2292,1.3884,0.085503,-0.0091168,-0.0091168,0.023379,0.75,1,0.17284
3.5683,0.34993,0.046092,1.3006,0.047598,0.0097255,0.0097255,0.035319,0.41304,1,0.28395
3.5683,0.34993,3.2181,1.3759,0.046314,-0.021157,-0.021157,0.054848,0.58696,1,0.28395
3.5683,0.54993,3.2461,1.3252,0.044623,-0.034387,-0.034387,0.067139,0.53333,1,0.18519
3.5683,0.54993,6.2317,1.2445,0.049135,0.017727,0.017727,0.038695,0.46667,1,0.18519
3.5683,0.74993,3.1792,1.1699,0.018726,0.0071172,0.0071172,0.094257,0.83333,1,0.037037
3.5683,1.7499,6.1914,1.2341,0.003478,0.0025917,0.0025917,0.0059728,0.57143,1,0.04321
3.5683,1.9499,6.272,1.3045,0.01758,-0.0086937,-0.0086937,0.021327,0.5,1,0.16049
3.5683,1.9499,3.1185,1.3446,0.020259,0.0074145,0.0074145,0.041584,0.5,1,0.16049
3.5683,2.1499,3.1189,1.4162,0.023759,-0.0040691,-0.0040691,0.029141,0.47619,1,0.25926
3.5683,2.1499,0.016954,1.344,0.016808,-0.005622,-0.005622,0.017566,0.52381,1,0.25926
3.5683,2.3499,6.2398,1.3366,0.015526,-0.0034136,-0.0034136,0.012317,0.57143,1,0.12963
3.5683,2.3499,3.1435,1.3207,0.024998,0.017018,0.017018,0.025585,0.42857,1,0.12963
3.5683,2.5499,3.0984,1.2355,0.010825,0.012812,0.012812,0.02668,0.85714,1,0.04321
3.7683,-1.0501,0.27115,1.243,0.010221,-0.0039719,-0.0039719,0.0071302,0.76471,1,0.10494
3.7683,-1.0501,3.4347,1.1908,0.01088,0.00058201,0.00058201,0.0024336,0.23529,1,0.10494
3.7683,-0.85007,3.3538,1.23,0.024809,-0.0027194,-0.0027194,0.053779,0.61538,1,0.16049
3.7683,-0.85007,0.25817,1.342,0.0070224,-0.005314,-0.005314,0.022222,0.38462,1,0.16049
3.7683,-0.65007,3.2705,1.4017,0.027061,-0.006898,-0.006898,0.0060146,0.57143,1,0.12963
3.7683,-0.65007,0.16652,1.4136,0.014802,0.0015562,0.0015562,0.025142,0.33333,1,0.12963
3.7683,-0.45007,0.204,1.3505,0.041006,-0.00070931,-0.00070931,0.023017,0.45455,1,0.1358
3.7683,-0.45007,3.2717,1.3719,0.046776,-0.0080439,-0.0080439,0.011922,0.54545,1,0.1358
3.7683,-0.25007,3.2145,1.319,0.05693,0.00239,0.00239,0.0088384,0.52632,1,0.11728
3.7683,-0.25007,0.27927,1.4484,0.036028,-0.002812,-0.002812,0.011279,0.47368,1,0.11728
3.7683,-0.05007,0.097904,1.3918,0.093667,-0.018364,-0.018364,0.020593,0.60714,1,0.17284
3.7683,-0.05007,3.1979,1.3838,0.081245,-0.0062317,-0.0062317,0.013542,0.39286,1,0.17284
3.7683,0.14993,3.2089,1.3959,0.065208,-0.010843,-0.010843,0.025373,0.625,1,0.24691
3.7683,0.14993,0.065778,1.3945,0.062997,-0.0078807,-0.0078807,0.030267,0.375,1,0.24691
3.7683,0.34993,3.2681,1.3897,0.049165,-0.013813,-0.013813,0.045318,0.64,1,0.30864
3.7683,0.34993,0.066527,1.3364,0.050659,0.0061843,0.0061843,0.045955,0.36,1,0.30864
3.7683,0.54993,6.2475,1.2084,0.048932,0.0017962,0.0017962,0.033666,0.36111,1,0.22222
3.7683,0.54993,3.3157,1.3043,0.042777,-0.018265,-0.018265,0.072426,0.63889,1,0.22222
3.7683,0.74993,3.2136,1.203,0.016804,0.003269,0.003269,0.073347,0.64706,1,0.10494
3.7683,0.74993,0.17803,1.2027,0.001896,-0.0026417,-0.0026417,0.0064513,0.23529,1,0.10494
3.7683,1.7499,6.136,1.3363,0.013738,-0.0016016,-0.0016016,0.025021,0.75,1,0.049383
3.7683,1.9499,6.2439,1.3415,0.0098846,-0.0056568,-0.0056568,0.02461,0.53846,1,0.16049
3.7683,1.9499,3.0155,1.3896,0.019883,0.0037878,0.0037878,0.046236,0.46154,1,0.16049
3.7683,2.1499,6.2761,1.3431,0.012732,0.003545,0.003545,0.022425,0.54054,1,0.2284
3.7683,2.1499,3.0756,1.4601,0.035914,0.0038333,0.0038333,0.027176,0.45946,1,0.2284
3.7683,2.3499,6.2546,1.3467,0.014138,-0.0014,-0.0014,0.013083,0.6,1,0.12346
3.7683,2.3499,3.1533,1.4209,0.018512,-0.00062297,-0.00062297,0.056552,0.4,1,0.12346
3.7683,2.5499,3.1229,1.3139,0.0032836,-0.0013993,-0.0013993,0.0010921,0.42857,1,0.04321
3.9683,-1.0501,0.24039,1.3405,0.01648,-0.0049008,-0.0049008,0.035817,0.7,1,0.061728
3.9683,-0.85007,0.2428,1.3913,0.021824,-0.0045295,-0.0045295,0.037189,0.34483,1,0.17901
3.9683,-0.85007,3.3458,1.1979,0.021789,-0.0075054,-0.0075054,0.11866,0.65517,1,0.17901
3.9683,-0.65007,3.3652,1.1596,0.023036,-0.015713,-0.015713,0.23105,0.72727,1,0.1358
3.9683,-0.65007,0.25073,1.4666,0.018597,-0.0033554,-0.0033554,0.030156,0.27273,1,0.1358
3.9683,-0.45007,0.16726,1.3814,0.045889,-0.0055419,-0.0055419,0.020029,0.59091,1,0.1358
3.9683,-0.45007,3.5609,1.3952,0.0064373,-0.0070957,-0.0070957,0.010739,0.22727,1,0.1358
3.9683,-0.25007,3.1439,1.2418,0.0018942,-0.0015405,-0.0015405,0.0012528,0.1,1,0.12346
3.9683,-0.25007,0.20697,1.3256,0.070009,-0.0091927,-0.0091927,0.016369,0.55,1,0.12346
3.9683,-0.05007,0.061645,1.3773,0.082652,-0.024276,-0.024276,0.019907,0.65,1,0.12346
3.9683,-0.05007,3.1663,1.3298,0.048495,-0.014275,-0.014275,0.015992,0.35,1,0.12346
3.9683,0.14993,0.056409,1.4254,0.06895,-0.014444,-0.014444,0.032539,0.41176,1,0.20988
3.9683,0.14993,3.3148,1.3768,0.050621,-0.019739,-0.019739,0.030463,0.58824,1,0.20988
3.9683,0.34993,3.3021,1.3805,0.055455,-0.01647,-0.01647,0.030981,0.68889,1,0.27778
3.9683,0.34993,0.12338,1.2731,0.037954,0.01152,0.01152,0.061888,0.31111,1,0.27778
3.9683,0.54993,3.3029,1.2882,0.05054,-0.025566,-0.025566,0.09146,0.70588,1,0.20988
3.9683,0.54993,0.16272,1.1679,0.039151,0.025019,0.025019,0.039686,0.29412,1,0.20988
3.9683,0.74993,3.2663,1.1002,0.021663,-0.018704,-0.018704,0.12011,0.78571,1,0.08642
3.9683,1.7499,6.1056,1.1784,0.011809,-0.0025616,-0.0025616,0.00071631,0.5,1,0.037037
3.9683,1.9499,6.2633,1.3381,0.012229,0.0062784,0.0062784,0.030806,0.45833,1,0.14815
3.9683,1.9499,3.0341,1.3153,0.023434,0.010342,0.010342,0.02757,0.54167,1,0.14815
3.9683,2.1499,0.018247,1.3229,0.012342,0.0071439,0.0071439,0.01766,0.54545,1,0.2716
3.9683,2.1499,3.1011,1.364,0.030038,0.014179,0.014179,0.022607,0.45455,1,0.2716
3.9683,2.3499,0.046284,1.3375,0.012813,0.0020135,0.0020135,0.0092645,0.59259,1,0.16667
3.9683,2.3499,3.219,1.3432,0.0099684,0.011614,0.011614,0.046059,0.40741,1,0.16667
3.9683,2.5499,3.1347,1.1191,0.00084813,0.0018598,0.0018598,0.0040781,0.28571,1,0.04321
4.1683,-1.0501,0.30258,1.3768,0.018108,-0.016855,-0.016855,0.045027,0.83333,1,0.037037
4.1683,-0.85007,0.26706,1.3616,0.016908,-0.0060487,-0.0060487,0.031831,0.52174,1,0.14198
4.1683,-0.85007,3.3151,1.2645,0.016802,8.2285e-05,8.2285e-05,0.013522,0.43478,1,0.14198
4.1683,-0.65007,3.3614,1.1836,0.02518,-0.015787,-0.015787,0.1812,0.62069,1,0.17901
4.1683,-0.45007,0.12916,1.3001,0.045555,-0.01128,-0.01128,0.033851,0.42857,1,0.12963
4.1683,-0.45007,3.3486,1.3595,0.040283,-0.0018592,-0.0018592,0.027898,0.57143,1,0.12963
4.1683,-0.25007,3.2858,1.3699,0.073409,-0.0013005,-0.0013005,0.017072,0.47826,1,0.14198
4.1683,-0.25007,0.064242,1.339,0.058695,-0.0012231,-0.0012231,0.032122,0.52174,1,0.14198
4.1683,-0.05007,0.068517,1.3513,0.054771,0.012096,0.012096,0.027397,0.48,1,0.15432
4.1683,-0.05007,3.2442,1.3494,0.086559,-0.015181,-0.015181,0.024698,0.52,1,0.15432
4.1683,0.14993,0.31334,1.2954,0.044606,0.013504,0.013504,0.0091918,0.36667,1,0.18519
4.1683,0.14993,3.2794,1.3806,0.055405,-0.012791,-0.012791,0.026364,0.63333,1,0.18519
4.1683,0.34993,0.17564,1.2161,0.036722,0.010994,0.010994,0.052777,0.47727,1,0.2716
4.1683,0.34993,3.2788,1.4111,0.044151,-0.016864,-0.016864,0.022877,0.52273,1,0.2716
4.1683,0.54993,0.15051,1.2088,0.029818,0.0059604,0.0059604,0.060268,0.5,1,0.23457
4.1683,0.54993,3.3353,1.2328,0.051256,-0.038006,-0.038006,0.1104,0.5,1,0.23457
4.1683,0.74993,0.2879,1.2999,0.0053486,0.003545,0.003545,0.029986,0.28571,1,0.12963
4.1683,0.74993,3.4004,1.1259,0.029921,-0.020779,-0.020779,0.096969,0.71429,1,0.12963
4.1683,1.7499,6.1345,1.3799,0.012935,-0.0094708,-0.0094708,0.017591,0.66667,1,0.037037
4.1683,1.9499,6.1956,1.3391,0.0053435,-0.00061186,-0.00061186,0.012199,0.42857,1,0.12963
4.1683,1.9499,3.0166,1.3745,0.02156,-0.0017356,-0.0017356,0.015501,0.57143,1,0.12963
4.1683,2.1499,6.2545,1.3324,0.018338,-0.0040906,-0.0040906,0.019343,0.60714,1,0.17284
4.1683,2.1499,3.1651,1.3877,0.014893,0.00011965,0.00011965,0.010192,0.39286,1,0.17284
4.1683,2.3499,3.2483,1.4311,0.014072,-0.00088937,-0.00088937,0.013361,0.40909,1,0.1358
4.1683,2.3499,0.014042,1.3217,0.015524,-0.0086309,-0.0086309,0.023303,0.59091,1,0.1358
4.1683,2.5499,3.1852,1.3514,0.012327,0.001954,0.001954,0.028111,0.88889,1,0.055556
4.3683,-0.85007,3.2473,1.2276,0.020614,0.0010628,0.0010628,0.0075484,0.64706,1,0.10494
4.3683,-0.85007,0.21201,1.3307,0.02045,0.0008688,0.0008688,0.034749,0.35294,1,0.10494
4.3683,-0.65007,3.2931,1.2841,0.028503,0.0084009,0.0084009,0.01781,0.65385,1,0.16049
4.3683,-0.65007,0.23749,1.3758,0.022639,0.0041835,0.0041835,0.044971,0.34615,1,0.16049
4.3683,-0.45007,3.2692,1.3385,0.029685,0.0051142,0.0051142,0.023716,0.61538,1,0.16049
4.3683,-0.25007,0.040043,1.3655,0.0758,-0.016143,-0.016143,0.033179,0.48,1,0.15432
4.3683,-0.25007,3.2944,1.2968,0.067752,-0.024689,-0.024689,0.044686,0.52,1,0.15432
4.3683,-0.05007,0.12848,1.3511,0.057173,-0.0031163,-0.0031163,0.035766,0.67647,1,0.20988
4.3683,-0.05007,3.3083,1.3434,0.11233,-0.046505,-0.046505,0.051718,0.32353,1,0.20988
4.3683,0.14993,3.2179,1.3672,0.051534,-0.026945,-0.026945,0.036411,0.51429,1,0.21605
4.3683,0.14993,0.21944,1.3613,0.053631,-0.0022949,-0.0022949,0.016715,0.48571,1,0.21605
4.3683,0.34993,3.2491,1.3608,0.047634,-0.013535,-0.013535,0.039985,0.625,1,0.24691
4.3683,0.34993,0.1641,1.2757,0.036642,-0.0087407,-0.0087407,0.071786,0.375,1,0.24691
4.3683,0.54993,3.3472,1.3558,0.046499,-0.02516,-0.02516,0.065665,0.70213,1,0.29012
4.3683,0.54993,0.17579,1.2152,0.022318,-0.0026624,-0.0026624,0.06696,0.29787,1,0.29012
4.3683,0.74993,3.4365,1.1726,0.052195,-0.028684,-0.028684,0.070548,0.78261,1,0.14198
4.3683,0.74993,0.28956,1.294,0.0090445,0.0040887,0.0040887,0.022646,0.21739,1,0.14198
4.3683,0.94993,3.3258,1.2006,0.032272,-0.0059436,-0.0059436,0.015605,0.83333,1,0.037037
4.3683,1.7499,6.1367,1.4261,0.012885,-0.00611,-0.00611,0.010273,0.38462,1,0.080247
4.3683,1.7499,2.9296,1.387,0.019592,-0.0023862,-0.0023862,0.025966,0.61538,1,0.080247
4.3683,1.9499,3.0231,1.3965,0.027251,-0.0065703,-0.0065703,0.028511,0.53846,1,0.16049
4.3683,1.9499,6.17,1.332,0.014935,0.0019092,0.0019092,0.0090533,0.46154,1,0.16049
4.3683,2.1499,6.2698,1.3547,0.021048,-0.0025953,-0.0025953,0.018556,0.65517,1,0.17901
4.3683,2.1499,3.1288,1.3597,0.010103,-0.0042469,-0.0042469,0.027558,0.34483,1,0.17901
4.3683,2.3499,0.12462,1.3169,0.00026995,0.00031981,0.00031981,0.00037889,0.11765,1,0.10494
4.3683,2.3499,3.2187,1.3745,0.01532,0.0065993,0.0065993,0.04228,0.41176,1,0.10494
4.3683,2.5499,3.1803,1.3306,0.013894,0.0014169,0.0014169,0.028678,0.7,1,0.061728
4.5683,-0.85007,3.1695,1.1482,0.0049713,-0.0011905,-0.0011905,0.0017171,0.42857,1,0.08642
4.5683,-0.85007,0.27396,1.3764,0.025497,-0.0011539,-0.0011539,0.03211,0.57143,1,0.08642
4.5683,-0.65007,0.16951,1.3295,0.035649,0.0035677,0.0035677,0.039006,0.6,1,0.15432
4.5683,-0.65007,3.2218,1.2616,0.021249,0.012523,0.012523,0.035194,0.4,1,0.15432
4.5683,-0.45007,0.14815,1.3063,0.05413,0.014867,0.014867,0.033153,0.65217,1,0.14198
4.5683,-0.45007,3.2133,1.2584,0.028977,-0.0022205,-0.0022205,0.037238,0.34783,1,0.14198
4.5683,-0.25007,0.076209,1.3278,0.070636,-0.0050622,-0.0050622,0.033703,0.625,1,0.14815
4.5683,-0.25007,3.2177,1.2273,0.071895,-0.041666,-0.041666,0.051112,0.375,1,0.14815
4.5683,-0.05007,3.4189,1.2777,0.023457,0.0059074,0.0059074,0.0022643,0.23077,1,0.16049
4.5683,-0.05007,0.081214,1.3394,0.05358,-0.0085623,-0.0085623,0.046223,0.61538,1,0.16049
4.5683,0.14993,0.059264,1.3299,0.014487,-0.0046373,-0.0046373,0.047982,0.41667,1,0.14815
4.5683,0.14993,3.3223,1.3869,0.079664,-0.036053,-0.036053,0.044632,0.58333,1,0.14815
4.5683,0.34993,3.2722,1.41,0.063214,-0.018246,-0.018246,0.051858,0.64103,1,0.24074
4.5683,0.34993,0.15571,1.3463,0.044892,-0.0081828,-0.0081828,0.032772,0.35897,1,0.24074
4.5683,0.54993,3.3625,1.3437,0.048834,-0.0056862,-0.0056862,0.047585,0.64286,1,0.25926
4.5683,0.54993,0.29334,1.2304,0.018543,0.011686,0.011686,0.025929,0.35714,1,0.25926
4.5683,0.74993,3.4773,1.2222,0.05344,-0.011028,-0.011028,0.047841,0.63333,1,0.18519
4.5683,0.74993,0.3394,1.1959,0.0086775,0.0089382,0.0089382,0.02864,0.36667,1,0.18519
4.5683,0.94993,3.5425,1.1463,0.051296,-0.031453,-0.031453,0.045578,0.7,1,0.061728
4.5683,1.9499,6.1787,1.2682,0.028002,0.0097952,0.0097952,0.0048512,0.47059,1,0.10494
4.5683,1.9499,3.0511,1.3746,0.018175,-0.0090513,-0.0090513,0.02561,0.52941,1,0.10494
4.5683,2.1499,0.064232,1.3413,0.016388,-0.0024554,-0.0024554,0.020707,0.56522,1,0.14198
4.5683,2.1499,3.1417,1.3897,0.01305,-0.0024906,-0.0024906,0.01682,0.43478,1,0.14198
4.5683,2.3499,0.10821,1.3342,0.0078746,-0.0039771,-0.0039771,0.021044,0.54545,1,0.1358
4.5683,2.3499,3.2458,1.4258,0.010345,0.0062028,0.0062028,0.015374,0.45455,1,0.1358
4.5683,2.5499,3.2705,1.436,0.0073766,0.0033275,0.0033275,0.019813,0.77778,1,0.055556
4.7683,-0.85007,0.13009,1.3188,0.015459,-0.0076689,-0.0076689,0.0040761,0.28571,1,0.08642
4.7683,-0.85007,3.1489,1.2453,0.0023075,0.00038167,0.00038167,0.0083999,0.42857,1,0.08642
4.7683,-0.65007,0.16469,1.3511,0.016697,-0.0044239,-0.0044239,0.020425,0.48148,1,0.16667
4.7683,-0.65007,3.2261,1.2453,0.015764,0.0014441,0.0014441,0.048944,0.51852,1,0.16667
4.7683,-0.45007,3.2428,1.2783,0.018466,-0.0022126,-0.0022126,0.023813,0.56522,1,0.14198
4.7683,-0.45007,0.12923,1.183,0.015069,-0.0038924,-0.0038924,0.051254,0.43478,1,0.14198
4.7683,-0.25007,3.223,1.3209,0.02942,-0.0053166,-0.0053166,0.025565,0.63636,1,0.1358
4.7683,-0.25007,0.031359,1.2146,0.047542,-0.017206,-0.017206,0.056758,0.36364,1,0.1358
4.7683,-0.05007,0.19914,1.3,0.049163,0.0092981,0.0092981,0.027576,0.58333,1,0.14815
4.7683,-0.05007,3.2199,1.2275,0.056816,-0.087965,-0.087965,0.24546,0.41667,1,0.14815
4.7683,0.14993,0.26847,1.3144,0.038828,-0.0089191,-0.0089191,0.028193,0.4,1,0.18519
4.7683,0.14993,3.2384,1.2943,0.064464,-0.045901,-0.045901,0.12753,0.6,1,0.18519
4.7683,0.34993,0.31221,1.3309,0.05034,-0.011439,-0.011439,0.028755,0.31579,1,0.23457
4.7683,0.34993,3.267,1.3765,0.057764,-0.020854,-0.020854,0.054721,0.68421,1,0.23457
4.7683,0.54993,0.29532,1.2065,0.025689,0.0086443,0.0086443,0.019981,0.47059,1,0.20988
4.7683,0.54993,3.3828,1.298,0.040771,-0.011041,-0.011041,0.066797,0.52941,1,0.20988
4.7683,0.74993,0.30337,1.25,0.017693,0.0087492,0.0087492,0.023852,0.36667,1,0.18519
4.7683,0.74993,3.4236,1.2545,0.029633,0.0071266,0.0071266,0.017896,0.63333,1,0.18519
4.7683,0.94993,3.575,1.1214,0.05109,-0.0038977,-0.0038977,0.033836,0.70588,1,0.10494
4.7683,1.1499,3.886,1.3014,0.00032436,-0.0013577,-0.0013577,0.0056829,0.4,1,0.030864
4.7683,1.5499,6.0678,1.3029,0.0009021,-0.0003837,-0.0003837,0.0001632,0.28571,1,0.04321
4.7683,1.7499,2.8301,1.2765,0.022797,0.014019,0.014019,0.024881,0.42857,1,0.08642
4.7683,1.7499,6.0349,1.3161,0.0077309,0.0030084,0.0030084,0.0092962,0.57143,1,0.08642
4.7683,1.9499,6.0737,1.3265,0.007654,0.0029399,0.0029399,0.01409,0.5,1,0.14815
4.7683,1.9499,3.0031,1.2973,0.026437,0.006877,0.006877,0.022057,0.5,1,0.14815
4.7683,2.1499,3.1116,1.3359,0.0076615,-0.0072064,-0.0072064,0.012845,0.5625,1,0.098765
4.7683,2.1499,6.2116,1.407,0.011841,-0.0048211,-0.0048211,0.012889,0.4375,1,0.098765
4.7683,2.3499,0.11442,1.2801,0.0093213,-0.0064106,-0.0064106,0.019061,0.47059,1,0.10494
4.7683,2.3499,3.2049,1.386,0.018968,0.0066604,0.0066604,0.016035,0.52941,1,0.10494
4.7683,2.5499,3.2546,1.3651,0.012849,0.012602,0.012602,0.019714,0.9,1,0.061728
4.7683,2.7499,3.1517,1.2407,0.00070877,0.00059502,0.00059502,0.00049952,0.5,1,0.024691
4.9683,-0.85007,3.1859,1.1408,0.0014273,-0.0045528,-0.0045528,0.036969,0.61538,1,0.080247
4.9683,-0.85007,0.19808,1.3753,0.0024241,0.0026924,0.0026924,0.0029904,0.15385,1,0.080247
4.9683,-0.65007,3.2006,1.1797,0.0076379,-0.0024392,-0.0024392,0.042361,0.52381,1,0.12963
4.9683,-0.65007,0.14366,1.3515,0.036444,-0.012378,-0.012378,0.018014,0.47619,1,0.12963
4.9683,-0.45007,0.15149,1.247,0.044714,-0.0020115,-0.0020115,0.05006,0.52,1,0.15432
4.9683,-0.45007,3.2079,1.2706,0.038091,0.002213,0.002213,0.02637,0.48,1,0.15432
4.9683,-0.25007,3.208,1.3445,0.048101,-0.0040227,-0.0040227,0.022564,0.48276,1,0.17901
4.9683,-0.25007,0.13286,1.1999,0.063767,-0.014343,-0.014343,0.051893,0.51724,1,0.17901
4.9683,-0.05007,0.16581,1.3333,0.04701,-0.0015736,-0.0015736,0.026109,0.65385,1,0.16049
4.9683,-0.05007,3.2476,1.2688,0.029359,-0.014071,-0.014071,0.099469,0.34615,1,0.16049
4.9683,0.14993,0.16464,1.2924,0.048433,-0.0053313,-0.0053313,0.027625,0.51613,1,0.19136
4.9683,0.14993,3.245,1.2927,0.05279,-0.0054373,-0.0054373,0.046726,0.48387,1,0.19136
4.9683,0.34993,3.2708,1.3479,0.048157,-0.0027764,-0.0027764,0.043046,0.76923,1,0.16049
4.9683,0.54993,3.3499,1.383,0.050184,-0.021579,-0.021579,0.054266,0.68421,1,0.23457
4.9683,0.54993,0.25459,1.2692,0.025074,0.0058904,0.0058904,0.040908,0.31579,1,0.23457
4.9683,0.74993,3.43,1.2973,0.039274,-0.0086606,-0.0086606,0.035367,0.69444,1,0.22222
4.9683,0.74993,0.35708,1.2547,0.019117,0.011165,0.011165,0.020327,0.30556,1,0.22222
4.9683,0.94993,0.39467,1.2967,0.012174,-0.0013004,-0.0013004,0.0069124,0.26923,1,0.16049
4.9683,0.94993,3.513,1.2069,0.041362,0.0089502,0.0089502,0.029765,0.69231,1,0.16049
4.9683,1.1499,3.886,1.3014,0.00032436,-0.0013577,-0.0013577,0.0056829,0.33333,1,0.037037
4.9683,1.5499,2.8112,1.4953,0.0049138,0.0039561,0.0039561,0.034002,0.5,1,0.049383
4.9683,1.7499,2.7926,1.2819,0.0026435,-0.0031148,-0.0031148,0.0042096,0.2,1,0.092593
4.9683,1.7499,6.0452,1.302,0.0059497,0.0034913,0.0034913,0.0094647,0.53333,1,0.092593
4.9683,1.9499,6.1044,1.321,0.011017,-0.0035519,-0.0035519,0.023869,0.61905,1,0.12963
4.9683,1.9499,3.1017,1.4021,0.005518,-0.0044018,-0.0044018,0.022741,0.38095,1,0.12963
4.9683,2.1499,6.2741,1.3112,0.017249,-0.0018713,-0.0018713,0.019725,0.64,1,0.15432
4.9683,2.1499,3.1712,1.3843,0.0043598,-0.0035964,-0.0035964,0.014387,0.36,1,0.15432
4.9683,2.3499,0.10981,1.2827,0.0042597,0.0017649,0.0017649,0.012759,0.6,1,0.12346
4.9683,2.3499,3.28,1.3179,0.021421,-0.020964,-0.020964,0.036071,0.4,1,0.12346
4.9683,2.5499,3.2458,1.3219,0.018184,0.015705,0.015705,0.017437,0.7,1,0.061728
4.9683,2.7499,3.1408,1.2043,0.00071308,0.0011953,0.0011953,0.0029839,0.6,1,0.030864
5.1683,-0.65007,3.2332,1.1522,0.0048166,-0.002583,-0.002583,0.1279,0.44,1,0.15432
5.1683,-0.65007,0.17306,1.338,0.040789,0.0021279,0.0021279,0.021005,0.56,1,0.15432
5.1683,-0.45007,0.11074,1.2769,0.055262,0.0084404,0.0084404,0.026008,0.69231,1,0.16049
5.1683,-0.45007,3.2309,1.3447,0.028132,0.0020751,0.0020751,0.015944,0.30769,1,0.16049
5.1683,-0.25007,0.05993,1.2068,0.054289,-0.020971,-0.020971,0.053268,0.56522,1,0.14198
5.1683,-0.25007,3.2038,1.2373,0.034832,-0.015139,-0.015139,0.022141,0.43478,1,0.14198
5.1683,-0.05007,3.1346,1.35,0.024235,-0.038069,-0.038069,0.11236,0.33333,1,0.074074
5.1683,-0.05007,0.099435,1.2727,0.047911,-0.034692,-0.034692,0.087732,0.66667,1,0.074074
5.1683,0.14993,3.4889,1.2893,0.055401,0.0102,0.0102,0.0020484,0.22222,1,0.16667
5.1683,0.14993,0.16698,1.3405,0.0394,-0.0033997,-0.0033997,0.043143,0.51852,1,0.16667
5.1683,0.34993,3.2966,1.3263,0.071571,0.0016291,0.0016291,0.099291,0.65517,1,0.17901
5.1683,0.34993,0.20205,1.3701,0.046602,-0.0056297,-0.0056297,0.034957,0.34483,1,0.17901
5.1683,0.54993,3.4269,1.4146,0.040858,-0.01165,-0.01165,0.034964,0.625,1,0.19753
5.1683,0.54993,0.22213,1.3241,0.052085,0.0090051,0.0090051,0.041877,0.375,1,0.19753
5.1683,0.74993,0.30556,1.2756,0.095684,0.0035839,0.0035839,0.015579,0.40541,1,0.2284
5.1683,0.74993,3.4685,1.3204,0.034942,-0.00060775,-0.00060775,0.037532,0.59459,1,0.2284
5.1683,0.94993,0.36253,1.2964,0.1118,-0.0036623,-0.0036623,0.010253,0.5,1,0.16049
5.1683,0.94993,3.5683,1.2385,0.022158,-4.5509e-05,-4.5509e-05,0.02638,0.5,1,0.16049
5.1683,1.1499,3.6045,1.0975,0.047126,-0.0056314,-0.0056314,0.036041,0.63636,1,0.067901
5.1683,1.1499,0.44985,1.4088,0.013197,-0.0031387,-0.0031387,0.014986,0.36364,1,0.067901
5.1683,1.3499,4.0883,1.1633,1.5736,0.15881,0.15881,0.056809,1,1,0.04321
5.1683,1.5499,3.5372,1.2607,0.19548,0.035012,0.035012,0.0062713,0.3,1,0.061728
5.1683,1.5499,6.0239,1.3203,0.0034453,-0.0059728,-0.0059728,0.015925,0.3,1,0.061728
5.1683,1.7499,5.2193,1.3149,4.2399,-0.42637,-0.42637,0.056318,1,1,0.074074
5.1683,2.1499,3.1314,1.3997,0.0076047,-0.0025812,-0.0025812,0.02325,0.55556,1,0.11111
5.1683,2.1499,0.0348,1.3594,0.015615,0.010811,0.010811,0.018094,0.44444,1,0.11111
5.1683,2.3499,3.2686,1.3442,0.019079,-0.010943,-0.010943,0.042777,0.45833,1,0.14815
5.1683,2.3499,0.08496,1.3073,0.0064501,0.0037243,0.0037243,0.024729,0.54167,1,0.14815
5.1683,2.5499,3.2933,1.2721,0.021368,-0.0060643,-0.0060643,0.043109,0.66667,1,0.11111
5.1683,2.5499,0.12034,1.3484,0.0040803,-0.0030905,-0.0030905,0.0050701,0.33333,1,0.11111
5.1683,2.7499,3.2883,1.2955,0.0020212,-0.00087367,-0.00087367,0.027991,0.8,1,0.030864
5.3683,-0.85007,3.2165,1.2094,0.003489,0.0056412,0.0056412,0.013252,0.46154,1,0.080247
5.3683,-0.85007,0.13527,1.2137,0.00014835,0.00079146,0.00079146,0.0042224,0.15385,1,0.080247
5.3683,-0.65007,3.2135,1.1785,0.013635,-0.0020329,-0.0020329,0.11172,0.63636,1,0.1358
5.3683,-0.65007,0.12371,1.4342,0.0019551,0.0051937,0.0051937,0.030406,0.36364,1,0.1358
5.3683,-0.45007,3.1917,1.3341,0.014708,-0.0017847,-0.0017847,0.016223,0.64286,1,0.17284
5.3683,-0.45007,0.079095,1.2075,0.026013,0.0037882,0.0037882,0.025513,0.35714,1,0.17284
5.3683,-0.25007,0.066337,1.151,0.0259,-0.029494,-0.029494,0.065692,0.42857,1,0.12963
5.3683,-0.25007,3.2716,1.2618,0.026164,-0.0098336,-0.0098336,0.018505,0.57143,1,0.12963
5.3683,-0.05007,3.2621,1.2656,0.030572,-0.0095225,-0.0095225,0.15118,0.44,1,0.15432
5.3683,-0.05007,0.11511,1.2351,0.024613,-0.001532,-0.001532,0.03541,0.56,1,0.15432
5.3683,0.14993,0.15894,1.3058,0.039299,0.0057615,0.0057615,0.026106,0.51429,1,0.21605
5.3683,0.14993,3.1376,1.2909,0.038744,-0.0043681,-0.0043681,0.17524,0.48571,1,0.21605
5.3683,0.34993,3.246,1.3262,0.067798,-0.0018001,-0.0018001,0.08305,0.71875,1,0.19753
5.3683,0.34993,0.18855,1.3564,0.039894,-0.0028884,-0.0028884,0.032668,0.28125,1,0.19753
5.3683,0.54993,3.4192,1.3116,0.028562,0.0011637,0.0011637,0.033442,0.63636,1,0.1358
5.3683,0.54993,0.19755,1.3366,0.067393,0.010075,0.010075,0.028653,0.36364,1,0.1358
5.3683,0.74993,3.3951,1.2731,0.02566,0.0097608,0.0097608,0.020795,0.65217,1,0.14198
5.3683,0.74993,0.42217,1.2137,0.046456,0.023728,0.023728,0.023873,0.30435,1,0.14198
5.3683,0.94993,3.4911,1.2133,0.03254,-0.0045005,-0.0045005,0.082738,0.65385,1,0.16049
5.3683,0.94993,0.43386,1.3568,0.017762,-6.7967e-05,-6.7967e-05,0.016359,0.34615,1,0.16049
5.3683,1.1499,0.38694,1.3387,0.071924,-0.010293,-0.010293,0.017254,0.52941,1,0.10494
5.3683,1.1499,3.4739,1.1585,0.17868,0.071283,0.071283,0.056209,0.47059,1,0.10494
5.3683,1.3499,3.4501,1.0904,0.33394,0.0084958,0.0084958,0.038556,0.64294,1,0.08642
5.3683,1.3499,0.01558,1.2872,0.25456,-0.029405,-0.029405,0.015888,0.35706,1,0.08642
5.3683,1.5499,5.9699,1.2478,0.012217,-0.0027494,-0.0027494,0.00063273,0.27178,1,0.067901
5.3683,1.5499,3.5045,1.1817,2.1614,0.074629,0.074629,0.024908,0.72822,1,0.067901
5.3683,1.7499,6.0581,1.3201,0.0075933,0.0014968,0.0014968,0.012021,0.69231,1,0.080247
5.3683,1.9499,6.1063,1.3524,0.0041877,0.0004798,0.0004798,0.023805,0.58824,1,0.10494
5.3683,1.9499,3.0653,1.3505,0.0067028,-0.002211,-0.002211,0.015235,0.41176,1,0.10494
5.3683,2.1499,3.0994,1.253,0.012845,-0.0043835,-0.0043835,0.008591,0.38462,1,0.080247
5.3683,2.1499,6.2657,1.3334,0.020849,-0.0016626,-0.0016626,0.030041,0.61538,1,0.080247
5.3683,2.3499,0.14777,1.2399,0.0059399,0.0013378,0.0013378,0.017882,0.58824,1,0.10494
5.3683,2.3499,3.2452,1.2581,0.0039525,0.0019507,0.0019507,0.000993,0.17647,1,0.10494
5.3683,2.5499,3.3374,1.2075,0.033718,-0.041771,-0.041771,0.15383,0.55556,1,0.11111
5.3683,2.5499,0.15679,1.2221,0.0063287,-0.0012139,-0.0012139,0.016222,0.44444,1,0.11111
5.3683,2.7499,3.2784,1.2362,0.0035616,-0.0015805,-0.0015805,0.016368,0.71429,1,0.04321
5.5683,-0.85007,0.023286,1.3529,0.022526,0.011917,0.011917,0.061464,0.45455,1,0.067901
5.5683,-0.85007,3.2262,1.3016,0.00085527,0.00097225,0.00097225,0.0011052,0.18182,1,0.067901
5.5683,-0.65007,3.1658,1.2192,0.015039,-0.00056142,-0.00056142,0.02322,0.42105,1,0.11728
5.5683,-0.65007,0.0035891,1.3847,0.017605,0.0080617,0.0080617,0.032839,0.57895,1,0.11728
5.5683,-0.45007,3.1889,1.3354,0.01921,-0.0069933,-0.0069933,0.013331,0.39286,1,0.17284
5.5683,-0.45007,0.084134,1.2295,0.023224,-4.1275e-05,-4.1275e-05,0.02502,0.60714,1,0.17284
5.5683,-0.25007,0.1744,1.2206,0.0326,0.0022331,0.0022331,0.039331,0.75,1,0.14815
5.5683,-0.25007,3.1051,1.338,0.0005825,0.0013869,0.0013869,0.0033022,0.083333,1,0.14815
5.5683,-0.05007,3.2853,1.1581,0.035615,0.0029338,0.0029338,0.14832,0.38095,1,0.12963
5.5683,-0.05007,0.16888,1.2088,0.045059,-0.0012261,-0.0012261,0.051472,0.61905,1,0.12963
5.5683,0.14993,0.1015,1.3021,0.028524,0.012479,0.012479,0.037935,0.69565,1,0.14198
5.5683,0.14993,3.0958,1.2884,0.00024873,0.0019852,0.0019852,0.029578,0.17391,1,0.14198
5.5683,0.34993,3.2245,1.3733,0.072164,0.0024331,0.0024331,0.035498,0.61905,1,0.12963
5.5683,0.34993,0.20151,1.3563,0.034616,-0.0040601,-0.0040601,0.018741,0.38095,1,0.12963
5.5683,0.54993,0.030573,1.3943,0.11197,0.013593,0.013593,0.019512,0.33333,1,0.12963
5.5683,0.54993,3.3619,1.4123,0.041667,-0.025428,-0.025428,0.046396,0.66667,1,0.12963
5.5683,0.74993,3.4401,1.356,0.043059,-0.0088011,-0.0088011,0.020409,0.7037,1,0.16667
5.5683,0.74993,0.17724,1.3545,0.13325,-0.00053115,-0.00053115,0.033939,0.2963,1,0.16667
5.5683,0.94993,3.4989,1.2975,0.054343,0.018719,0.018719,0.018369,0.6,1,0.18519
5.5683,0.94993,0.46242,1.3017,0.013874,0.0089923,0.0089923,0.015257,0.33333,1,0.18519
5.5683,1.1499,0.40202,1.2107,0.1264,0.0084734,0.0084734,0.018283,0.42308,1,0.16049
5.5683,1.1499,3.5257,1.2226,0.091792,0.023358,0.023358,0.028233,0.57692,1,0.16049
5.5683,1.3499,3.652,1.3109,0.87745,0.004191,0.004191,0.046047,0.69257,1,0.080247
5.5683,1.3499,0.63732,1.2787,0.013863,0.0062217,0.0062217,0.0036264,0.30743,1,0.080247
5.5683,1.5499,4.8918,1.1194,1.5702,0.12989,0.12989,0.019296,0.58418,1,0.074074
5.5683,1.5499,3.5823,1.5449,1.77,-0.021205,-0.021205,0.010051,0.41582,1,0.074074
5.5683,1.7499,0.030812,1.2897,3.5872,0.20242,0.20242,0.025534,1,1,0.092593
5.5683,1.9499,3.2024,1.3683,0.090805,-0.012275,-0.012275,0.017523,0.52941,1,0.10494
5.5683,2.1499,2.994,1.4201,0.0096226,0.0026623,0.0026623,0.00073658,0.125,1,0.098765
5.5683,2.1499,6.2404,1.4631,0.0095658,0.0010548,0.0010548,0.00011632,0.125,1,0.098765
5.5683,2.3499,3.1433,1.2629,0.022157,0.0021345,0.0021345,0.01701,0.35,1,0.12346
5.5683,2.3499,0.14224,1.2384,0.0063605,-0.004612,-0.004612,0.025488,0.65,1,0.12346
5.5683,2.5499,3.2922,1.244,0.0098934,0.0042419,0.0042419,0.011509,0.45,1,0.12346
5.5683,2.7499,3.3173,1.2273,0.0070683,0.0067439,0.0067439,0.011999,0.875,1,0.049383
5.7683,-0.85007,3.1792,1.2129,0.018243,0.0020206,0.0020206,0.0007247,0.5,1,0.061728
5.7683,-0.65007,6.2359,1.3048,0.012227,-0.0055709,-0.0055709,0.020732,0.47059,1,0.10494
5.7683,-0.65007,3.2327,1.1944,0.0080129,0.0035677,0.0035677,0.033405,0.52941,1,0.10494
5.7683,-0.45007,3.2361,1.3289,0.016932,-0.0086089,-0.0086089,0.022184,0.44444,1,0.16667
5.7683,-0.45007,0.02253,1.2055,0.024674,-0.00028272,-0.00028272,0.043127,0.55556,1,0.16667
5.7683,-0.25007,3.2375,1.3023,0.017839,-0.011727,-0.011727,0.031858,0.48,1,0.15432
5.7683,-0.25007,0.13512,1.2568,0.039449,0.010892,0.010892,0.067683,0.52,1,0.15432
5.7683,-0.05007,0.15295,1.1927,0.063933,0.01439,0.01439,0.063519,0.47368,1,0.11728
5.7683,-0.05007,3.1705,1.3298,0.042576,-0.01145,-0.01145,0.044794,0.52632,1,0.11728
5.7683,0.14993,0.12617,1.2955,0.029918,-0.016389,-0.016389,0.067585,0.58824,1,0.10494
5.7683,0.14993,3.0197,1.4021,0.0045336,-0.0084225,-0.0084225,0.017117,0.23529,1,0.10494
5.7683,0.34993,0.21233,1.344,0.036351,-0.0033526,-0.0033526,0.019181,0.5,1,0.12346
5.7683,0.34993,3.1536,1.3567,0.01026,0.0047714,0.0047714,0.04619,0.5,1,0.12346
5.7683,0.54993,3.2574,1.3909,0.033613,-0.0068247,-0.0068247,0.037992,0.59259,1,0.16667
5.7683,0.54993,0.19959,1.357,0.050464,0.016493,0.016493,0.0062715,0.25926,1,0.16667
5.7683,0.74993,3.3125,1.3672,0.046273,-0.0012206,-0.0012206,0.034969,0.71429,1,0.12963
5.7683,0.74993,0.34209,1.3337,0.03592,0.0013105,0.0013105,0.0001756,0.14286,1,0.12963
5.7683,0.94993,0.33787,1.207,0.10249,0.010898,0.010898,0.030069,0.68421,1,0.11728
5.7683,1.1499,3.4378,1.2139,0.10138,0.035179,0.035179,0.024761,0.6,1,0.18519
5.7683,1.1499,0.15762,1.2914,0.2557,-0.019733,-0.019733,0.02696,0.4,1,0.18519
5.7683,1.3499,3.3671,1.2919,0.16756,0.014224,0.014224,0.039487,0.58333,1,0.14815
5.7683,1.3499,0.15555,1.2848,0.26714,0.028599,0.028599,0.017148,0.41667,1,0.14815
5.7683,1.5499,0.02208,1.3032,4.5237,0.33589,0.33589,0.036324,1,1,0.12346
5.7683,1.7499,5.9722,1.2267,4.0856,0.2386,0.2386,0.023032,1,1,0.098765
5.7683,1.9499,3.3319,1.3311,0.13308,-0.024877,-0.024877,0.019309,0.53846,1,0.080247
5.7683,1.9499,0.077003,1.1658,0.14935,0.0067062,0.0067062,0.0040897,0.46154,1,0.080247
5.7683,2.1499,3.2011,1.3652,0.011176,-0.0076353,-0.0076353,0.029204,0.7,1,0.061728
5.7683,2.3499,0.1442,1.3119,0.011252,-0.00011668,-0.00011668,0.025501,0.56522,1,0.14198
5.7683,2.3499,3.2995,1.2326,0.046248,-0.0023245,-0.0023245,0.028327,0.43478,1,0.14198
5.7683,2.5499,0.20701,1.2607,0.012427,-0.0066455,-0.0066455,0.033929,0.65,1,0.12346
5.7683,2.5499,3.2771,1.2146,0.0037525,0.0082097,0.0082097,0.020132,0.3,1,0.12346
5.7683,2.7499,3.3581,1.2122,0.021024,-0.0058656,-0.0058656,0.023988,0.72727,1,0.067901
5.9683,-0.85007,3.0887,1.2259,0.0062762,-0.0010088,-0.0010088,0.051749,0.75,1,0.049383
5.9683,-0.65007,0.036396,1.362,0.020349,0.014176,0.014176,0.035741,0.47368,1,0.11728
5.9683,-0.65007,3.1431,1.1965,0.0098587,-0.00066321,-0.00066321,0.038691,0.52632,1,0.11728
5.9683,-0.45007,3.2188,1.3069,0.012297,-0.0013191,-0.0013191,0.018823,0.48485,1,0.2037
5.9683,-0.45007,0.067954,1.2249,0.025574,0.011891,0.011891,0.055901,0.51515,1,0.2037
5.9683,-0.25007,0.056479,1.1357,0.028482,0.0054884,0.0054884,0.055618,0.53846,1,0.16049
5.9683,-0.25007,3.2039,1.3387,0.016785,-0.0058487,-0.0058487,0.015379,0.46154,1,0.16049
5.9683,-0.05007,0.097518,1.2177,0.041186,-0.0063137,-0.0063137,0.041947,0.48,1,0.15432
5.9683,-0.05007,3.1559,1.3662,0.033953,-0.0054898,-0.0054898,0.040554,0.52,1,0.15432
5.9683,0.14993,3.1263,1.3791,0.039326,-0.0036675,-0.0036675,0.037384,0.5,1,0.22222
5.9683,0.14993,0.051226,1.2426,0.054709,-0.0038966,-0.0038966,0.048575,0.5,1,0.22222
5.9683,0.34993,0.63708,1.3959,5.0302,0.24441,0.24441,0.024082,1,1,0.14198
5.9683,0.54993,3.3843,1.4111,0.059004,-0.022548,-0.022548,0.025339,0.6875,1,0.098765
5.9683,0.54993,6.2655,1.4406,0.19335,0.024121,0.024121,0.011781,0.3125,1,0.098765
5.9683,0.74993,3.3361,1.2997,0.056513,0.003127,0.003127,0.0058155,0.85714,1,0.08642
5.9683,0.94993,3.4684,1.2674,0.058791,0.014574,0.014574,0.041479,0.61905,1,0.12963
5.9683,0.94993,0.0005175,1.218,0.14751,-0.049193,-0.049193,0.039383,0.38095,1,0.12963
5.9683,1.1499,3.5365,1.217,0.050343,0.021868,0.021868,0.030965,0.46875,1,0.19753
5.9683,1.1499,0.1178,1.2411,0.20162,-0.01998,-0.01998,0.022696,0.53125,1,0.19753
5.9683,1.3499,0.51156,1.2329,0.0073701,0.010361,0.010361,0.031067,0.29167,1,0.14815
5.9683,1.3499,3.6086,1.2371,0.038836,0.018842,0.018842,0.02354,0.625,1,0.14815
5.9683,1.5499,6.0583,1.2869,4.6851,0.22535,0.22535,0.020893,1,1,0.11728
5.9683,1.7499,3.2821,1.254,0.075263,-0.0034364,-0.0034364,0.025614,0.47368,1,0.11728
5.9683,1.7499,6.0183,1.2849,0.011171,-0.0014226,-0.0014226,0.02875,0.47368,1,0.11728
5.9683,1.9499,3.252,1.2348,0.0012854,0.00081565,0.00081565,0.021137,0.4375,1,0.098765
5.9683,1.9499,6.2064,1.3261,0.078996,-0.012149,-0.012149,0.032145,0.5,1,0.098765
5.9683,2.1499,3.2242,1.2637,0.032958,-0.013053,-0.013053,0.0057203,0.33333,1,0.074074
5.9683,2.1499,0.24718,1.2431,0.064545,-0.00015467,-0.00015467,0.011302,0.5,1,0.074074
5.9683,2.3499,3.254,1.1612,0.00024688,-0.00066932,-0.00066932,0.011721,0.17647,1,0.10494
5.9683,2.3499,0.11106,1.2197,0.0095846,0.0021076,0.0021076,0.030129,0.58824,1,0.10494
5.9683,2.5499,0.16643,1.1617,0.011535,-0.0050188,-0.0050188,0.051185,0.61538,1,0.080247
5.9683,2.5499,3.3347,1.0617,0.0059059,0.0038194,0.0038194,0.0024701,0.15385,1,0.080247
5.9683,2.7499,3.3561,1.1595,0.0093664,-0.0038749,-0.0038749,0.03547,0.63636,1,0.067901
5.9683,2.7499,0.23141,1.1907,0.0048115,0.0066771,0.0066771,0.009266,0.18182,1,0.067901
6.1683,-0.85007,3.2778,1.2027,0.021563,0.0054603,0.0054603,0.0013827,0.28571,1,0.04321
6.1683,-0.65007,0.022533,1.3981,0.0172,0.0074779,0.0074779,0.039085,0.66667,1,0.11111
6.1683,-0.65007,3.2037,1.0808,0.011285,0.010175,0.010175,0.020629,0.33333,1,0.11111
6.1683,-0.45007,0.022769,1.2585,0.018974,0.011789,0.011789,0.076317,0.59259,1,0.16667
6.1683,-0.45007,3.1941,1.2741,0.010057,-0.0045419,-0.0045419,0.024165,0.40741,1,0.16667
6.1683,-0.25007,3.1628,1.2357,0.01116,0.0073802,0.0073802,0.021661,0.4,1,0.092593
6.1683,-0.25007,0.10294,1.1545,0.017246,0.015858,0.015858,0.056202,0.6,1,0.092593
6.1683,-0.05007,3.1234,1.1985,0.028427,0.0033246,0.0033246,0.026578,0.5625,1,0.098765
6.1683,-0.05007,0.13182,1.2925,0.042371,0.032504,0.032504,0.037098,0.4375,1,0.098765
6.1683,0.14993,0.095004,1.2084,0.053481,-0.011959,-0.011959,0.088642,0.66667,1,0.16667
6.1683,0.14993,3.2354,1.3043,0.021094,0.0039231,0.0039231,0.046707,0.33333,1,0.16667
6.1683,0.34993,6.2783,1.2961,0.054884,0.0053996,0.0053996,0.022927,0.5,1,0.14815
6.1683,0.54993,6.2392,1.2824,0.10331,-0.00088118,-0.00088118,0.01499,0.4,1,0.12346
6.1683,0.54993,3.1604,1.39,0.016502,-0.0021134,-0.0021134,0.039579,0.6,1,0.12346
6.1683,0.74993,3.3312,1.3398,0.06779,-0.015141,-0.015141,0.018148,0.66667,1,0.11111
6.1683,0.74993,6.2514,1.293,0.14838,0.011355,0.011355,0.0016414,0.16667,1,0.11111
6.1683,0.94993,0.13782,1.2571,0.17597,-0.00073806,-0.00073806,0.040214,0.4,1,0.12346
6.1683,0.94993,3.3969,1.2055,0.087419,0.022082,0.022082,0.045069,0.6,1,0.12346
6.1683,1.1499,3.4,1.1869,0.13202,0.017425,0.017425,0.034099,0.56667,1,0.18519
6.1683,1.1499,0.2033,1.1979,0.126,-0.0096448,-0.0096448,0.025567,0.43333,1,0.18519
6.1683,1.3499,3.4307,1.2134,0.11018,0.0046485,0.0046485,0.01491,0.625,1,0.14815
6.1683,1.3499,0.1906,1.2237,0.18249,0.00082959,0.00082959,0.022457,0.375,1,0.14815
6.1683,1.5499,3.6562,1.3077,0.043137,0.0021981,0.0021981,0.024615,0.625,1,0.098765
6.1683,1.5499,0.1712,1.116,0.077208,-0.0048853,-0.0048853,0.0003778,0.25,1,0.098765
6.1683,1.7499,3.2125,1.261,0.0004004,0.0017527,0.0017527,0.007672,0.125,1,0.098765
6.1683,1.7499,0.006005,1.2678,3.4357,-0.11644,-0.11644,0.038846,0.875,1,0.098765
6.1683,1.9499,3.2957,1.2702,0.035179,0.0044359,0.0044359,0.027614,0.55,1,0.12346
6.1683,2.1499,3.2311,1.3129,0.042518,-0.0082226,-0.0082226,0.023351,0.64706,1,0.10494
6.1683,2.1499,0.23221,1.3167,0.072255,-0.014168,-0.014168,0.020121,0.35294,1,0.10494
6.1683,2.3499,3.1756,1.0833,0.039954,0.03782,0.03782,0.070695,0.47059,1,0.10494
6.1683,2.3499,0.11748,1.2786,0.0062231,0.0039437,0.0039437,0.016296,0.52941,1,0.10494
6.1683,2.5499,3.2835,1.0228,0.057747,0.011424,0.011424,0.073672,0.3913,1,0.14198
6.1683,2.5499,0.14613,1.1682,0.0089569,0.012877,0.012877,0.067521,0.6087,1,0.14198
6.1683,2.7499,3.424,1.1011,0.02028,-0.014383,-0.014383,0.039583,0.52632,1,0.11728
6.1683,2.7499,0.2021,1.2013,0.017039,0.0085878,0.0085878,0.079172,0.47368,1,0.11728
6.3683,-0.85007,3.1923,1.1119,0.012142,0.0061074,0.0061074,0.030346,0.5,1,0.061728
6.3683,-0.65007,6.274,1.2402,0.00070783,0.0018667,0.0018667,0.0049231,0.125,1,0.098765
6.3683,-0.65007,3.2187,1.1887,0.023498,-0.008541,-0.008541,0.0422,0.625,1,0.098765
6.3683,-0.45007,3.2645,1.2461,0.019243,-0.0094123,-0.0094123,0.021999,0.43478,1,0.14198
6.3683,-0.45007,0.06484,1.224,0.022543,0.0042788,0.0042788,0.078211,0.56522,1,0.14198
6.3683,-0.25007,0.047315,1.1988,0.025449,-0.0012981,-0.0012981,0.079397,0.58333,1,0.14815
6.3683,-0.25007,3.2617,1.2519,0.021978,0.0035991,0.0035991,0.018753,0.41667,1,0.14815
6.3683,-0.05007,0.11846,1.2368,0.039876,0.012714,0.012714,0.043173,0.47619,1,0.12963
6.3683,-0.05007,3.1419,1.237,0.03408,-0.0084166,-0.0084166,0.029032,0.52381,1,0.12963
6.3683,0.14993,3.142,1.2614,0.027421,-0.0033309,-0.0033309,0.028293,0.5,1,0.17284
6.3683,0.34993,0.097238,1.1958,0.0063747,-0.0091229,-0.0091229,0.071103,0.51852,1,0.16667
6.3683,0.34993,3.2358,1.328,0.022687,0.0046521,0.0046521,0.039038,0.48148,1,0.16667
6.3683,0.54993,3.1433,1.4185,0.018639,-0.0076161,-0.0076161,0.024431,0.65,1,0.12346
6.3683,0.74993,3.2852,1.3464,0.049062,-0.010538,-0.010538,0.015305,0.7619,1,0.12963
6.3683,0.74993,0.33679,1.5951,0.030711,-0.010628,-0.010628,0.0041592,0.14286,1,0.12963
6.3683,0.94993,4.4263,1.1957,2.3298,0.054129,0.054129,0.058406,1,1,0.1358
6.3683,1.1499,4.3983,1.2176,3.3227,-0.15638,-0.15638,0.020053,1,1,0.12346
6.3683,1.3499,3.3962,1.2074,0.13314,-0.0042607,-0.0042607,0.021676,0.59259,1,0.16667
6.3683,1.3499,0.24302,1.2245,0.10743,-0.0044697,-0.0044697,0.021503,0.40741,1,0.16667
6.3683,1.5499,0.1804,1.2281,0.18726,0.017654,0.017654,0.020542,0.46429,1,0.17284
6.3683,1.5499,3.5314,1.2846,0.11176,-0.0096023,-0.0096023,0.02584,0.53571,1,0.17284
6.3683,1.7499,3.7673,1.2716,0.0051245,-0.0051548,-0.0051548,0.012433,0.27828,1,0.12963
6.3683,1.7499,6.0894,1.1927,2.5486,0.20001,0.20001,0.035168,0.72172,1,0.12963
6.3683,1.9499,0.3589,1.1928,0.10563,0.038547,0.038547,0.021291,0.28571,1,0.08642
6.3683,1.9499,3.4392,1.2344,0.074773,0.0013695,0.0013695,0.039999,0.71429,1,0.08642
6.3683,2.1499,3.3081,1.1991,0.010983,0.00033504,0.00033504,0.00041614,0.45455,1,0.067901
6.3683,2.3499,3.3792,1.3264,0.0020679,-0.0044123,-0.0044123,0.018741,0.28571,1,0.08642
6.3683,2.3499,0.13259,1.2769,0.023476,0.0096297,0.0096297,0.03396,0.71429,1,0.08642
6.3683,2.5499,0.17909,1.2106,0.020887,0.018464,0.018464,0.050735,0.65,1,0.12346
6.3683,2.5499,3.3854,0.97944,0.046618,-0.021144,-0.021144,0.086526,0.35,1,0.12346
6.3683,2.7499,0.27936,1.1548,0.018028,0.003613,0.003613,0.074521,0.52381,1,0.12963
6.3683,2.7499,3.4512,1.0105,0.040593,-0.05136,-0.05136,0.13804,0.47619,1,0.12963
6.3683,2.9499,3.4538,0.98048,0.037325,-0.038138,-0.038138,0.13299,0.84615,1,0.080247
6.5683,-0.85007,3.1414,1.2597,0.00065147,-0.0029556,-0.0029556,0.019896,0.54545,1,0.067901
6.5683,-0.65007,3.195,1.1678,0.015143,-0.008674,-0.008674,0.040348,0.625,1,0.098765
6.5683,-0.65007,6.1666,1.1958,0.010635,0.003232,0.003232,0.039541,0.375,1,0.098765
6.5683,-0.45007,0.088495,1.2343,0.026594,0.02318,0.02318,0.061484,0.55,1,0.12346
6.5683,-0.45007,3.2125,1.2726,0.013069,-0.017393,-0.017393,0.028545,0.4,1,0.12346
6.5683,-0.25007,0.14712,1.1064,0.017058,-0.021248,-0.021248,0.096555,0.5,1,0.16049
6.5683,-0.25007,3.2136,1.2596,0.033068,0.015072,0.015072,0.029184,0.5,1,0.16049
6.5683,-0.05007,3.1255,1.3075,0.022459,-0.0059077,-0.0059077,0.032982,0.56522,1,0.14198
6.5683,-0.05007,0.11752,1.1564,0.039163,-0.019668,-0.019668,0.083542,0.43478,1,0.14198
6.5683,0.14993,3.1373,1.283,0.017877,-0.0063499,-0.0063499,0.037365,0.46429,1,0.17284
6.5683,0.14993,6.2747,1.1987,0.063596,-0.0036325,-0.0036325,0.074974,0.53571,1,0.17284
6.5683,0.34993,3.2005,1.3321,0.028668,0.0091204,0.0091204,0.028545,0.44444,1,0.16667
6.5683,0.34993,0.059332,1.1673,0.026876,0.011907,0.011907,0.073258,0.55556,1,0.16667
6.5683,0.54993,3.1578,1.4649,0.025457,-0.012699,-0.012699,0.019786,0.54545,1,0.067901
6.5683,0.54993,0.1805,1.5511,0.00058081,-0.0011996,-0.0011996,0.0024776,0.18182,1,0.067901
6.5683,0.74993,4.2309,1.3103,3.4338,0.27908,0.27908,0.032209,1,1,0.092593
6.5683,0.94993,0.049654,1.23,0.11476,-0.011262,-0.011262,0.043611,0.35,1,0.12346
6.5683,0.94993,3.252,1.1138,0.10651,0.059455,0.059455,0.071568,0.65,1,0.12346
6.5683,1.1499,3.4521,1.257,0.055321,0.011554,0.011554,0.016339,0.52632,1,0.11728
6.5683,1.1499,0.05951,1.0655,0.0028708,0.0076609,0.0076609,0.020443,0.10526,1,0.11728
6.5683,1.3499,0.2581,1.2329,0.096465,0.0027733,0.0027733,0.0086595,0.31818,1,0.1358
6.5683,1.3499,3.5497,1.2164,0.059034,0.015175,0.015175,0.016588,0.68182,1,0.1358
6.5683,1.5499,3.5466,1.2017,0.11998,0.0064565,0.0064565,0.03194,0.53571,1,0.17284
6.5683,1.5499,0.13458,1.2319,0.18208,0.013919,0.013919,0.032502,0.46429,1,0.17284
6.5683,1.7499,0.23932,1.3205,0.14944,-0.0039329,-0.0039329,0.037088,0.40909,1,0.1358
6.5683,1.7499,3.4987,1.1951,0.12081,-0.0049543,-0.0049543,0.02743,0.59091,1,0.1358
6.5683,1.9499,3.3939,1.1296,0.08307,0.040335,0.040335,0.054673,0.73684,1,0.11728
6.5683,2.1499,3.3485,1.1503,0.085068,0.045652,0.045652,0.076189,0.72222,1,0.11111
6.5683,2.3499,0.17457,1.2584,0.032278,-0.00052669,-0.00052669,0.014762,0.47368,1,0.11728
6.5683,2.3499,3.3405,1.0661,0.040653,0.0054603,0.0054603,0.10816,0.52632,1,0.11728
6.5683,2.5499,0.20708,1.274,0.02247,-0.0005971,-0.0005971,0.017175,0.61538,1,0.080247
6.5683,2.5499,3.3939,0.89673,0.014512,0.00014545,0.00014545,0.078968,0.38462,1,0.080247
6.5683,2.7499,3.4107,1.0712,0.039907,-0.059566,-0.059566,0.13394,0.47059,1,0.10494
6.5683,2.7499,0.33209,1.121,0.02866,-0.038467,-0.038467,0.11793,0.52941,1,0.10494
6.5683,2.9499,3.4847,0.99969,0.03935,-0.042966,-0.042966,0.1165,0.64706,1,0.10494
6.5683,2.9499,0.24408,1.1063,0.014466,0.021768,0.021768,0.038831,0.23529,1,0.10494
6.7683,-0.85007,3.0949,1.1123,0.0027558,0.0011765,0.0011765,0.05732,0.625,1,0.049383
6.7683,-0.65007,3.2099,1.0481,0.015234,0.0046977,0.0046977,0.0227,0.52941,1,0.10494
6.7683,-0.65007,6.0309,1.0886,0.00033801,0.0015116,0.0015116,0.0067601,0.11765,1,0.10494
6.7683,-0.45007,6.2808,1.2247,0.031464,0.010539,0.010539,0.077907,0.625,1,0.14815
6.7683,-0.45007,3.1827,1.1141,0.026024,0.019921,0.019921,0.068175,0.375,1,0.14815
6.7683,-0.25007,4.8487,1.11,5.8005,-0.39315,-0.39315,0.084525,1,1,0.14815
6.7683,-0.05007,3.2093,1.2009,0.056521,-0.012441,-0.012441,0.050069,0.57895,1,0.11728
6.7683,-0.05007,6.2068,1.0178,0.076299,-0.026947,-0.026947,0.087205,0.42105,1,0.11728
6.7683,0.14993,3.1504,1.1754,0.026401,-0.004635,-0.004635,0.030386,0.4,1,0.15432
6.7683,0.14993,0.062217,1.1226,0.026306,0.0041963,0.0041963,0.11132,0.6,1,0.15432
6.7683,0.34993,3.1445,1.3095,0.007914,0.0090497,0.0090497,0.043402,0.4,1,0.15432
6.7683,0.34993,0.071168,1.1874,0.030471,-0.0051114,-0.0051114,0.075604,0.6,1,0.15432
6.7683,0.54993,3.1994,1.4107,0.036182,-0.0059865,-0.0059865,0.023264,0.55,1,0.12346
6.7683,0.54993,0.025542,1.2892,0.11082,-0.029325,-0.029325,0.028499,0.45,1,0.12346
6.7683,0.74993,3.6611,1.2158,2.7205,0.19054,0.19054,0.027027,0.84616,1,0.080247
6.7683,0.74993,6.1118,1.3231,0.092513,0.0049472,0.0049472,0.00026455,0.15384,1,0.080247
6.7683,0.94993,3.2377,1.1973,0.0029142,-0.00443,-0.00443,0.013601,0.46154,1,0.080247
6.7683,0.94993,6.0153,1.2059,0.026898,0.0050276,0.0050276,0.00093973,0.15385,1,0.080247
6.7683,1.1499,4.6624,1.1891,3.1761,0.072562,0.072562,0.033116,1,1,0.10494
6.7683,1.3499,4.4886,1.1486,2.6025,-0.02958,-0.02958,0.020483,0.86481,1,0.1358
6.7683,1.3499,6.2587,1.0514,0.0027927,-0.001369,-0.001369,0.0006915,0.13519,1,0.1358
6.7683,1.5499,0.10457,1.1893,0.11609,-0.0043827,-0.0043827,0.042155,0.48,1,0.15432
6.7683,1.5499,3.4801,1.1576,0.091658,-0.0023572,-0.0023572,0.030608,0.52,1,0.15432
6.7683,1.7499,3.5705,1.1049,0.039029,0.045163,0.045163,0.060968,0.36017,1,0.12963
6.7683,1.7499,5.6801,1.2156,2.4046,0.11716,0.11716,0.03981,0.63983,1,0.12963
6.7683,1.9499,3.4937,1.0128,0.1338,0.075834,0.075834,0.16839,0.67857,1,0.17284
6.7683,1.9499,0.29207,1.2797,0.1035,0.0079734,0.0079734,0.025485,0.32143,1,0.17284
6.7683,2.1499,3.3287,1.0344,0.10926,0.082005,0.082005,0.20189,0.77778,1,0.11111
6.7683,2.1499,0.38124,1.381,0.058018,-0.0049386,-0.0049386,0.017686,0.22222,1,0.11111
6.7683,2.3499,0.14894,1.2846,0.014284,-0.0037469,-0.0037469,0.021607,0.5,1,0.061728
6.7683,2.3499,3.5418,1.1615,0.0052786,-0.0036096,-0.0036096,0.0027389,0.3,1,0.061728
6.7683,2.5499,0.22034,1.277,0.015007,0.0052096,0.0052096,0.015255,0.53846,1,0.080247
6.7683,2.7499,0.23382,0.98565,0.27863,0.017404,0.017404,0.20196,0.68182,1,0.1358
6.7683,2.7499,3.3961,1.131,0.03036,0.00067879,0.00067879,0.013806,0.31818,1,0.1358
6.7683,2.9499,0.41363,1.2738,0.0037299,-0.002507,-0.002507,0.0068169,0.26086,1,0.14198
6.7683,2.9499,3.3827,0.96853,0.019645,0.0069337,0.0069337,0.048137,0.34776,1,0.14198
6.7683,2.9499,0.84525,0.29154,0.9144,-0.089707,-0.089707,0.058789,0.39138,1,0.14198
6.7683,3.1499,3.3428,0.63977,3.9222,0.74791,0.74791,0.21548,1,1,0.067901
6.9683,-0.85007,6.1684,1.3189,0.001961,-0.014846,-0.014846,0.11644,0.33333,1,0.055556
6.9683,-0.85007,3.1193,1.0376,0.011268,0.0047113,0.0047113,0.033432,0.44444,1,0.055556
6.9683,-0.65007,3.171,1.1486,0.021418,-0.0088672,-0.0088672,0.031701,0.5,1,0.098765
6.9683,-0.65007,6.2738,1.3156,0.0091235,-0.0046493,-0.0046493,0.056082,0.5,1,0.098765
6.9683,-0.45007,6.2181,1.2657,0.014823,0.0042734,0.0042734,0.047885,0.47368,1,0.11728
6.9683,-0.45007,3.124,1.0685,0.027996,0.032734,0.032734,0.11116,0.52632,1,0.11728
6.9683,-0.25007,0.024466,1.1655,0.072391,-0.007659,-0.007659,0.065861,0.42857,1,0.17284
6.9683,-0.25007,3.1494,1.2072,0.032581,0.016538,0.016538,0.046612,0.57143,1,0.17284
6.9683,-0.05007,3.1753,1.2239,0.048081,-0.0090291,-0.0090291,0.024469,0.54545,1,0.1358
6.9683,-0.05007,6.2698,1.1041,0.061641,-0.017497,-0.017497,0.080252,0.45455,1,0.1358
6.9683,0.14993,6.2794,1.1743,0.021558,0.012379,0.012379,0.10086,0.56,1,0.15432
6.9683,0.14993,3.0854,1.1506,0.044563,-0.015159,-0.015159,0.039733,0.44,1,0.15432
6.9683,0.34993,3.1436,1.2737,0.074252,-0.010471,-0.010471,0.055512,0.48276,1,0.17901
6.9683,0.34993,0.061823,1.1257,0.028499,-0.0083366,-0.0083366,0.12015,0.51724,1,0.17901
6.9683,0.54993,3.2332,1.3835,0.041854,-0.0087812,-0.0087812,0.017179,0.54545,1,0.1358
6.9683,0.54993,0.064323,1.2199,0.14191,-0.021624,-0.021624,0.082252,0.45455,1,0.1358
6.9683,0.74993,3.1018,1.1185,0.038701,0.036287,0.036287,0.16501,0.75,1,0.12346
6.9683,0.74993,5.9528,1.3882,0.03391,0.026999,0.026999,0.030859,0.2,1,0.12346
6.9683,0.94993,3.1141,0.94754,0.056949,0.044158,0.044158,0.14222,0.6875,1,0.098765
6.9683,0.94993,0.21885,1.1605,0.20572,0.00021705,0.00021705,0.05012,0.3125,1,0.098765
6.9683,1.1499,0.050974,1.1948,0.086016,0.014075,0.014075,0.058224,0.55556,1,0.11111
6.9683,1.1499,3.3145,1.2433,0.10063,0.0037023,0.0037023,0.025942,0.44444,1,0.11111
6.9683,1.3499,3.3743,1.2013,0.087603,-0.0030783,-0.0030783,0.024903,0.44,1,0.15432
6.9683,1.3499,0.16291,1.1067,0.066096,0.0064835,0.0064835,0.055543,0.56,1,0.15432
6.9683,1.5499,3.463,1.1176,0.069771,0.006104,0.006104,0.058336,0.54545,1,0.1358
6.9683,1.5499,0.040792,1.063,0.061038,0.005072,0.005072,0.040896,0.45455,1,0.1358
6.9683,1.7499,3.4781,1.1106,0.12033,0.009267,0.009267,0.070324,0.7,1,0.12346
6.9683,1.7499,0.26411,1.1281,0.12749,0.027331,0.027331,0.019461,0.3,1,0.12346
6.9683,1.9499,3.647,0.89312,0.49981,0.092876,0.092876,0.18171,0.75,1,0.14815
6.9683,1.9499,0.57503,1.2802,0.0032339,-0.0011824,-0.0011824,0.012384,0.25,1,0.14815
6.9683,2.1499,3.2408,0.94281,0.67985,-0.040475,-0.040475,0.23623,0.83335,1,0.11111
6.9683,2.1499,0.21498,1.2044,0.012067,-0.0029598,-0.0029598,0.0010844,0.16665,1,0.11111
6.9683,2.3499,0.16102,1.2472,0.020949,-0.0022594,-0.0022594,0.028073,0.44444,1,0.11111
6.9683,2.3499,3.5969,0.98362,0.073668,-0.030603,-0.030603,0.080858,0.55556,1,0.11111
6.9683,2.5499,3.5592,0.95386,0.04607,0.020963,0.020963,0.088125,0.55556,1,0.11111
6.9683,2.5499,0.21912,1.1591,0.034911,0.027043,0.027043,0.037313,0.44444,1,0.11111
6.9683,2.7499,0.094739,0.9877,0.16372,0.14354,0.14354,0.15506,0.57895,1,0.11728
6.9683,2.7499,3.1555,0.89421,0.39583,0.13606,0.13606,0.082977,0.42105,1,0.11728
6.9683,2.9499,3.3202,0.84491,0.043949,0.043268,0.043268,0.12352,0.47619,1,0.12963
6.9683,3.1499,3.5339,0.72254,0.054451,0.0073037,0.0073037,0.070332,0.66667,1,0.074074
7.1683,-0.85007,3.1535,1.2029,0.0012562,-0.0036501,-0.0036501,0.010606,0.2,1,0.061728
7.1683,-0.65007,3.1072,1.0905,0.016097,0.012719,0.012719,0.056502,0.46154,1,0.080247
7.1683,-0.45007,6.14,0.97885,0.07553,-0.013643,-0.013643,0.014912,0.36842,1,0.11728
7.1683,-0.45007,3.0868,0.99311,0.036225,0.030119,0.030119,0.10265,0.63158,1,0.11728
7.1683,-0.25007,0.080949,1.1458,0.04273,0.021832,0.021832,0.088609,0.48276,1,0.17901
7.1683,-0.25007,3.1301,1.1212,0.024833,0.015475,0.015475,0.052985,0.51724,1,0.17901
7.1683,-0.05007,3.1806,1.2377,0.036796,-0.0065572,-0.0065572,0.032531,0.68182,1,0.1358
7.1683,-0.05007,0.00586,1.1605,0.010568,0.023464,0.023464,0.094177,0.31818,1,0.1358
7.1683,0.14993,0.0046807,1.1489,0.02644,0.0020106,0.0020106,0.076647,0.46667,1,0.18519
7.1683,0.14993,3.1197,1.1799,0.078223,-0.0040052,-0.0040052,0.037773,0.53333,1,0.18519
7.1683,0.34993,3.0589,1.2209,0.062645,-0.015701,-0.015701,0.047043,0.43333,1,0.18519
7.1683,0.34993,6.2441,1.0925,0.054667,-0.01804,-0.01804,0.11205,0.56667,1,0.18519
7.1683,0.54993,6.2321,1.2553,0.10538,0.0095202,0.0095202,0.091439,0.5625,1,0.098765
7.1683,0.54993,3.1819,1.2424,0.053825,0.010054,0.010054,0.025772,0.4375,1,0.098765
7.1683,0.74993,3.1032,1.0032,0.036142,0.016107,0.016107,0.10453,0.58047,1,0.11728
7.1683,0.74993,5.8547,1.3346,0.6729,0.065375,0.065375,0.032589,0.41953,1,0.11728
7.1683,0.94993,3.1429,0.86692,0.046488,0.039283,0.039283,0.10952,0.61111,1,0.11111
7.1683,0.94993,0.08547,1.1987,0.23487,-0.010992,-0.010992,0.039997,0.38889,1,0.11111
7.1683,1.1499,3.1071,1.1213,0.033911,0.010038,0.010038,0.01095,0.3125,1,0.098765
7.1683,1.1499,0.11339,1.092,0.21281,0.014392,0.014392,0.056146,0.6875,1,0.098765
7.1683,1.3499,0.17535,1.0272,0.15791,0.02543,0.02543,0.086046,0.64,1,0.15432
7.1683,1.3499,3.4663,1.213,0.047913,0.006142,0.006142,0.02157,0.36,1,0.15432
7.1683,1.5499,0.093173,1.0207,0.07671,0.017868,0.017868,0.1067,0.52174,1,0.14198
7.1683,1.5499,3.5018,1.0366,0.044203,0.015889,0.015889,0.052483,0.47826,1,0.14198
7.1683,1.7499,3.5164,0.99734,0.1261,-0.016946,-0.016946,0.082877,0.6,1,0.12346
7.1683,1.7499,0.13843,1.0785,0.058258,0.0079939,0.0079939,0.025933,0.4,1,0.12346
7.1683,1.9499,3.526,0.89735,0.075829,0.0029174,0.0029174,0.14774,0.63158,1,0.11728
7.1683,1.9499,0.34554,1.2038,0.10654,-0.024746,-0.024746,0.055177,0.36842,1,0.11728
7.1683,2.1499,3.5261,0.98988,0.041361,-0.00050788,-0.00050788,0.089868,0.63636,1,0.1358
7.1683,2.1499,0.44985,1.1796,0.034638,3.9696e-05,3.9696e-05,0.079518,0.36364,1,0.1358
7.1683,2.3499,3.6076,0.97885,0.0638,-0.03255,-0.03255,0.11331,0.63636,1,0.1358
7.1683,2.3499,0.12359,1.2883,0.0035116,-0.0053632,-0.0053632,0.01213,0.27273,1,0.1358
7.1683,2.5499,3.7316,0.63269,0.031911,-0.050394,-0.050394,0.079587,0.18182,1,0.1358
7.1683,2.5499,0.13405,1.1219,0.048933,0.035659,0.035659,0.059622,0.31818,1,0.1358
7.1683,2.5499,3.408,1.0511,0.0039138,-0.0041987,-0.0041987,0.0045044,0.090909,1,0.1358
7.1683,2.9499,3.4631,0.72775,0.065147,0.012556,0.012556,0.11398,0.42857,1,0.12963
7.1683,2.9499,0.36403,1.2968,0.01105,-0.0083173,-0.0083173,0.010671,0.38095,1,0.12963
7.1683,3.1499,3.4452,0.61899,0.014447,0.018755,0.018755,0.097931,0.58824,1,0.10494
7.1683,3.1499,0.44429,1.2227,0.0042435,-0.0028489,-0.0028489,0.0076658,0.35294,1,0.10494
7.3683,-0.85007,3.084,0.78536,0.026328,0.045288,0.045288,0.1501,0.36364,1,0.067901
7.3683,-0.65007,6.1258,1.0561,0.047017,0.0496,0.0496,0.16316,0.57895,1,0.11728
7.3683,-0.65007,2.9786,0.81298,0.11742,0.050541,0.050541,0.065884,0.42105,1,0.11728
7.3683,-0.45007,6.1453,1.191,0.056724,0.018601,0.018601,0.037789,0.44444,1,0.11111
7.3683,-0.45007,3.1094,0.95376,0.059852,0.035527,0.035527,0.089575,0.55556,1,0.11111
7.3683,-0.25007,3.1634,1.1282,0.041598,0.024936,0.024936,0.048301,0.44,1,0.15432
7.3683,-0.25007,6.2527,1.0011,0.030023,0.038888,0.038888,0.11989,0.56,1,0.15432
7.3683,-0.05007,3.0548,1.1405,0.068935,0.033776,0.033776,0.058901,0.52,1,0.15432
7.3683,-0.05007,0.01971,1.1369,0.06959,0.050422,0.050422,0.11165,0.48,1,0.15432
7.3683,0.14993,6.2792,1.1473,0.046431,0.0092261,0.0092261,0.079435,0.52174,1,0.14198
7.3683,0.14993,3.0974,1.148,0.07665,0.017721,0.017721,0.024945,0.47826,1,0.14198
7.3683,0.34993,6.2418,1.0999,0.053032,-0.012086,-0.012086,0.11505,0.71429,1,0.17284
7.3683,0.34993,3.1412,1.2194,0.020206,-0.0020455,-0.0020455,0.03225,0.28571,1,0.17284
7.3683,0.54993,3.1381,1.2092,0.053809,0.023826,0.023826,0.063591,0.6,1,0.12346
7.3683,0.54993,6.2749,1.0475,0.11323,-0.098341,-0.098341,0.15657,0.4,1,0.12346
7.3683,0.74993,3.1396,1.1085,0.087886,0.03971,0.03971,0.066579,0.77778,1,0.11111
7.3683,0.74993,0.042727,1.3051,0.10185,0.0074122,0.0074122,0.0027447,0.22222,1,0.11111
7.3683,0.94993,3.1241,1.0074,0.046201,-0.0049886,-0.0049886,0.050831,0.63158,1,0.11728
7.3683,0.94993,6.1173,1.1924,0.086993,-0.016949,-0.016949,0.017631,0.36842,1,0.11728
7.3683,1.1499,0.029982,1.1031,0.15503,-0.022938,-0.022938,0.043021,0.5625,1,0.098765
7.3683,1.1499,3.0721,1.0732,0.075186,-0.023331,-0.023331,0.020181,0.4375,1,0.098765
7.3683,1.3499,3.5762,1.0954,0.00072225,0.0016024,0.0016024,0.004061,0.12903,1,0.19136
7.3683,1.3499,6.2734,0.54925,0.88512,0.20089,0.20089,0.28153,0.87097,1,0.19136
7.3683,1.5499,3.4747,1.1197,0.043233,-0.021414,-0.021414,0.024004,0.33041,1,0.2037
7.3683,1.5499,0.36741,1.2448,0.74202,-0.0092336,-0.0092336,0.022231,0.30554,1,0.2037
7.3683,1.5499,5.6167,0.26009,1.6859,-0.13389,-0.13389,0.041029,0.36405,1,0.2037
7.3683,1.7499,3.4734,0.94594,1.4002,0.11397,0.11397,0.087544,0.80229,1,0.092593
7.3683,1.7499,0.1785,1.0424,0.025012,0.024248,0.024248,0.026641,0.19771,1,0.092593
7.3683,1.9499,3.5455,0.87786,0.088803,-0.024957,-0.024957,0.13955,0.64706,1,0.10494
7.3683,1.9499,0.38606,0.9789,0.073443,-0.017776,-0.017776,0.098237,0.35294,1,0.10494
7.3683,2.1499,3.5469,1.0484,0.090231,-0.066179,-0.066179,0.0731,0.54545,1,0.1358
7.3683,2.1499,0.48608,1.0102,0.05478,-0.025093,-0.025093,0.11526,0.45455,1,0.1358
7.3683,2.3499,0.21324,1.2485,0.041635,0.013112,0.013112,0.015483,0.47059,1,0.10494
7.3683,2.3499,3.6878,1.0925,0.030316,-0.0033667,-0.0033667,0.0063997,0.47059,1,0.10494
7.3683,2.5499,0.2353,1.1681,0.039631,0.014322,0.014322,0.080448,0.32,1,0.15432
7.3683,2.5499,3.627,0.6793,0.045453,0.016554,0.016554,0.11759,0.68,1,0.15432
7.3683,2.7499,3.5509,0.66094,0.079255,0.0080873,0.0080873,0.12375,0.58065,1,0.19136
7.3683,2.7499,6.0244,0.42138,0.0020228,-0.0020866,-0.0020866,0.0021525,0.064516,1,0.19136
7.3683,2.7499,0.17847,0.97668,0.031008,0.04987,0.04987,0.16669,0.35484,1,0.19136
7.3683,2.9499,3.8743,0.67837,2.8304,-0.34628,-0.34628,0.097617,0.88029,1,0.15432
7.3683,2.9499,0.37586,1.3042,0.00087552,-0.0028981,-0.0028981,0.010024,0.11971,1,0.15432
7.3683,3.1499,3.381,0.40551,0.079415,-0.050394,-0.050394,0.078123,0.65217,1,0.14198
7.3683,3.1499,0.4424,1.1648,0.003148,-0.0021768,-0.0021768,0.015546,0.34783,1,0.14198
7.3683,3.3499,3.3292,0.28981,0.033855,0.017606,0.017606,0.041496,0.8,1,0.061728
7.5683,-1.0501,2.404,0.14202,3.4284,0.0079559,0.0079559,0.058588,1,1,0.14198
7.5683,-0.85007,2.6897,0.39847,4.1296,0.4365,0.4365,0.21862,1,1,0.16667
7.5683,-0.65007,2.9917,0.94216,0.012988,-0.010236,-0.010236,0.0080667,0.125,1,0.098765
7.5683,-0.65007,6.0156,0.81679,0.050775,0.032369,0.032369,0.16733,0.4375,1,0.098765
7.5683,-0.45007,3.08,0.91855,0.031927,0.023611,0.023611,0.096487,0.58333,1,0.14815
7.5683,-0.45007,6.2366,1.0666,0.021739,0.0035247,0.0035247,0.097353,0.41667,1,0.14815
7.5683,-0.25007,3.06,1.0461,0.050738,0.018669,0.018669,0.044332,0.51429,1,0.21605
7.5683,-0.25007,6.2046,0.88248,0.042541,0.0072415,0.0072415,0.097269,0.48571,1,0.21605
7.5683,-0.05007,6.2321,1.0432,0.089649,0.033815,0.033815,0.10527,0.41379,1,0.17901
7.5683,-0.05007,3.0212,1.0964,0.066756,0.0026361,0.0026361,0.041754,0.58621,1,0.17901
7.5683,0.14993,6.2436,1.1666,0.062529,-0.010037,-0.010037,0.064591,0.6129,1,0.19136
7.5683,0.14993,3.0509,1.144,0.073,-0.0046814,-0.0046814,0.023065,0.3871,1,0.19136
7.5683,0.34993,0.03347,1.1056,0.065129,-0.034126,-0.034126,0.1227,0.66667,1,0.18519
7.5683,0.34993,3.1634,1.2049,0.040321,-0.007686,-0.007686,0.038907,0.33333,1,0.18519
7.5683,0.54993,3.1947,1.1979,0.050637,0.0068843,0.0068843,0.066721,0.58621,1,0.17901
7.5683,0.54993,0.31493,0.23598,0.17258,0.035532,0.035532,0.011406,0.13793,1,0.17901
7.5683,0.54993,6.2369,1.3272,0.050114,0.0076576,0.0076576,0.048594,0.27586,1,0.17901
7.5683,0.74993,2.9304,0.98456,0.4962,0.2067,0.2067,0.15052,0.78261,1,0.14198
7.5683,0.74993,6.1232,1.3215,0.12985,0.023978,0.023978,0.018301,0.21739,1,0.14198
7.5683,0.94993,5.8418,1.223,0.0034099,0.0037079,0.0037079,0.0047841,0.1902,1,0.12963
7.5683,0.94993,2.544,0.92744,1.2945,0.026026,0.026026,0.10041,0.8098,1,0.12963
7.5683,1.1499,3.1442,0.99984,0.13085,-0.013026,-0.013026,0.029552,0.43478,1,0.14198
7.5683,1.1499,5.9568,0.71315,0.3001,0.11202,0.11202,0.24708,0.56522,1,0.14198
7.5683,1.3499,0.3925,0.50163,2.0052,0.40993,0.40993,0.25536,1,1,0.16049
7.5683,1.5499,0.36338,0.82101,0.3137,-0.052649,-0.052649,0.26225,0.53848,1,0.16049
7.5683,1.5499,3.3518,1.0418,0.0979,-0.0061802,-0.0061802,0.054697,0.46152,1,0.16049
7.5683,1.7499,0.38616,1.0776,0.54737,0.066174,0.066174,0.081358,0.56524,1,0.14198
7.5683,1.7499,3.5072,1.0753,0.013302,0.0026366,0.0026366,0.022151,0.43476,1,0.14198
7.5683,1.9499,3.543,0.96293,0.058801,-0.035216,-0.035216,0.067177,0.81818,1,0.067901
7.5683,2.1499,3.4218,1.1207,0.018635,0.0020815,0.0020815,0.0069997,0.6,1,0.12346
7.5683,2.1499,0.59592,0.56329,0.044813,0.00093136,0.00093136,0.088723,0.25,1,0.12346
7.5683,2.3499,0.55936,0.94094,0.14895,-0.060216,-0.060216,0.17287,0.53846,1,0.16049
7.5683,2.3499,3.6325,0.94931,0.081519,-0.057754,-0.057754,0.060069,0.46154,1,0.16049
7.5683,2.5499,2.6675,0.68817,2.4356,0.41889,0.41889,0.12831,0.6396,1,0.18519
7.5683,2.5499,0.42756,1.2291,0.043559,-0.005779,-0.005779,0.016051,0.3604,1,0.18519
7.5683,2.7499,0.3676,1.2002,0.014315,0.0060293,0.0060293,0.003063,0.17046,1,0.17901
7.5683,2.7499,2.9248,0.61407,3.4811,0.47844,0.47844,0.13328,0.82954,1,0.17901
7.5683,2.9499,3.3379,0.62348,0.13179,-0.0073406,-0.0073406,0.11065,0.59259,1,0.16667
7.5683,2.9499,0.03887,0.48325,0.13065,0.071464,0.071464,0.19218,0.33333,1,0.16667
7.5683,2.9499,0.37812,1.2471,0.0051934,-0.0057306,-0.0057306,0.0063234,0.074073,1,0.16667
7.5683,3.1499,4.5871,0.39091,2.4642,0.3513,0.3513,0.14194,1,1,0.2716
7.5683,3.3499,2.8322,0.33897,2.6484,-0.37561,-0.37561,0.11102,1,1,0.2716
7.7683,-1.0501,6.0265,0.12127,0.037229,0.001238,0.001238,0.0066745,0.27454,1,0.11111
7.7683,-1.0501,2.892,0.030043,1.0229,-0.00027912,-0.00027912,0.00047941,0.5588,1,0.11111
7.7683,-0.85007,0.043795,0.24728,0.00069353,0.0044611,0.0044611,0.028696,0.057142,1,0.21605
7.7683,-0.85007,3.8863,0.44437,4.1276,0.52604,0.52604,0.27161,0.94286,1,0.21605
7.7683,-0.65007,3.6528,0.86104,4.1611,0.40517,0.40517,0.096396,1,1,0.10494
7.7683,-0.45007,3.79,0.91952,3.2506,0.29598,0.29598,0.085598,0.92,1,0.15432
7.7683,-0.45007,5.9626,0.68391,0.0093026,-0.0067664,-0.0067664,0.0049217,0.079999,1,0.15432
7.7683,-0.25007,3.163,0.85759,0.17752,-0.074931,-0.074931,0.14142,0.57576,1,0.2037
7.7683,-0.25007,0.022576,0.91222,0.056551,0.015651,0.015651,0.077332,0.42424,1,0.2037
7.7683,-0.05007,3.2248,0.86434,0.16891,-0.14061,-0.14061,0.18126,0.53846,1,0.16049
7.7683,-0.05007,6.2173,0.98707,0.09233,0.00041152,0.00041152,0.15831,0.46154,1,0.16049
7.7683,0.14993,6.2309,1.1536,0.071095,-0.0043528,-0.0043528,0.047186,0.54167,1,0.14815
7.7683,0.14993,3.1402,1.1258,0.0072599,-0.00094083,-0.00094083,0.028622,0.45833,1,0.14815
7.7683,0.34993,0.064434,1.136,0.049089,-0.0037988,-0.0037988,0.068735,0.5625,1,0.19753
7.7683,0.34993,3.1263,1.1024,0.037682,0.014738,0.014738,0.053936,0.4375,1,0.19753
7.7683,0.54993,0.072038,1.1824,0.051451,-0.020068,-0.020068,0.055788,0.30028,1,0.24691
7.7683,0.54993,5.9996,0.083655,1.6279,0.031594,0.031594,0.0089862,0.37472,1,0.24691
7.7683,0.54993,3.0119,0.95889,0.060864,0.018637,0.018637,0.078022,0.325,1,0.24691
7.7683,0.74993,2.0876,0.38681,3.0021,0.38342,0.38342,0.21219,0.86,1,0.25926
7.7683,0.74993,5.9574,1.2611,0.061127,0.026235,0.026235,0.014712,0.14,1,0.25926
7.7683,0.94993,2.9731,0.87896,0.26931,0.081707,0.081707,0.080237,0.66667,1,0.12963
7.7683,0.94993,6.1079,1.1068,0.098156,-0.015571,-0.015571,0.029644,0.33333,1,0.12963
7.7683,1.1499,6.2063,0.9795,0.068861,-0.071284,-0.071284,0.11744,0.53333,1,0.092593
7.7683,1.1499,3.2907,0.95805,0.16703,0.01989,0.01989,0.038227,0.46667,1,0.092593
7.7683,1.3499,0.2063,0.73348,0.17413,-0.13499,-0.13499,0.15084,0.66667,1,0.074074
7.7683,1.3499,3.4249,1.0911,0.13465,0.00025867,0.00025867,0.03749,0.33333,1,0.074074
7.7683,1.5499,3.4982,0.9056,0.039242,0.0073278,0.0073278,0.012062,0.4,1,0.092593
7.7683,1.5499,0.2899,0.80151,0.1788,-0.0038743,-0.0038743,0.13187,0.6,1,0.092593
7.7683,1.7499,3.5484,0.98716,0.019312,-0.0002368,-0.0002368,0.022453,0.52381,1,0.12963
7.7683,1.7499,0.20453,1.0122,0.14928,0.079717,0.079717,0.1194,0.47619,1,0.12963
7.7683,1.9499,3.5415,0.96527,0.020818,-0.010005,-0.010005,0.017986,0.55556,1,0.055556
7.7683,2.1499,3.3959,1.0369,0.0050076,0.00020318,0.00020318,0.0062509,0.64286,1,0.08642
7.7683,2.3499,3.5487,0.88667,0.094728,-0.054276,-0.054276,0.073575,0.40741,1,0.16667
7.7683,2.3499,0.39614,1.0482,0.19974,-0.080746,-0.080746,0.11214,0.59259,1,0.16667
7.7683,2.5499,3.6679,0.6058,0.85515,-0.054851,-0.054851,0.073992,0.61102,1,0.17284
7.7683,2.5499,0.29244,1.1231,0.05998,0.0042339,0.0042339,0.050205,0.38898,1,0.17284
7.7683,2.7499,3.6941,0.55197,0.75424,0.048759,0.048759,0.17932,0.80117,1,0.21605
7.7683,2.7499,0.23126,0.93518,0.067475,0.10092,0.10092,0.16426,0.19883,1,0.21605
7.7683,2.9499,4.3123,0.38597,2.598,-0.29476,-0.29476,0.14428,0.87223,1,0.24074
7.7683,2.9499,0.35646,1.1795,0.0017656,-0.00060465,-0.00060465,0.0040011,0.12777,1,0.24074
7.7683,3.1499,5.1501,0.33616,2.2151,0.13839,0.13839,0.11231,1,1,0.25309
7.7683,3.3499,4.8,0.27652,2.2465,0.22674,0.22674,0.084544,1,1,0.2716
7.9683,-0.85007,3.0845,0.92105,0.0046891,0.0059412,0.0059412,0.015933,0.33333,1,0.092593
7.9683,-0.65007,2.5368,0.46974,0.7455,0.27204,0.27204,0.14895,0.52175,1,0.14198
7.9683,-0.65007,6.0707,0.89139,0.08349,0.045512,0.045512,0.17236,0.47825,1,0.14198
7.9683,-0.45007,2.8857,0.79136,0.17554,0.0007734,0.0007734,0.051449,0.63636,1,0.1358
7.9683,-0.45007,6.1601,1.0626,0.10474,0.069058,0.069058,0.075249,0.36364,1,0.1358
7.9683,-0.25007,3.2216,0.68225,0.23516,-0.090586,-0.090586,0.14457,0.61364,1,0.2716
7.9683,-0.25007,6.2441,0.89558,0.03714,0.021128,0.021128,0.083079,0.38636,1,0.2716
7.9683,-0.05007,3.4082,0.64327,0.24717,-0.1673,-0.1673,0.20985,0.60526,1,0.23457
7.9683,-0.05007,0.007078,1.0386,0.062593,0.003443,0.003443,0.12982,0.39474,1,0.23457
7.9683,0.14993,6.2147,1.1266,0.070008,0.010325,0.010325,0.044426,0.51515,1,0.2037
7.9683,0.14993,3.1679,0.82549,0.13089,-0.06738,-0.06738,0.12916,0.48485,1,0.2037
7.9683,0.34993,0.083024,1.1021,0.056787,0.004804,0.004804,0.076318,0.60714,1,0.17284
7.9683,0.34993,3.0824,1.0576,0.036262,0.023599,0.023599,0.03729,0.39286,1,0.17284
7.9683,0.54993,0.16631,0.99201,0.11217,-0.062073,-0.062073,0.15962,0.55556,1,0.16667
7.9683,0.54993,3.0056,0.92059,0.056685,0.025161,0.025161,0.060916,0.44444,1,0.16667
7.9683,0.74993,0.65483,0.069516,0.18129,-0.0033126,-0.0033126,0.0078735,0.23916,1,0.28395
7.9683,0.74993,3.273,0.59004,0.37057,-0.13259,-0.13259,0.20205,0.60867,1,0.28395
7.9683,0.74993,6.0021,1.1797,0.062332,0.0042183,0.0042183,0.023316,0.15217,1,0.28395
7.9683,0.94993,6.2642,0.88602,0.19766,-0.15964,-0.15964,0.25602,0.4,1,0.12346
7.9683,0.94993,2.9286,0.81766,0.069167,0.031102,0.031102,0.10031,0.6,1,0.12346
7.9683,1.1499,0.10527,0.78323,0.072005,-0.046673,-0.046673,0.12338,0.52941,1,0.10494
7.9683,1.1499,3.3112,0.9348,0.12999,-0.011297,-0.011297,0.098651,0.47059,1,0.10494
7.9683,1.3499,3.5009,0.95623,0.18205,-0.057822,-0.057822,0.075994,0.42105,1,0.11728
7.9683,1.3499,0.16918,0.65884,0.20234,-0.19078,-0.19078,0.20448,0.57895,1,0.11728
7.9683,1.5499,0.062355,0.9711,0.15231,0.0081263,0.0081263,0.11073,0.52632,1,0.11728
7.9683,1.5499,3.4917,0.78808,0.15639,-0.0053609,-0.0053609,0.063995,0.47368,1,0.11728
7.9683,1.7499,3.502,0.82394,0.030938,-0.012723,-0.012723,0.05727,0.47619,1,0.12963
7.9683,1.7499,0.23469,0.91386,0.11044,0.04609,0.04609,0.09072,0.52381,1,0.12963
7.9683,1.9499,3.4726,0.87267,0.025552,-0.019096,-0.019096,0.053916,0.66667,1,0.11111
7.9683,1.9499,0.47669,0.90762,0.025994,0.004349,0.004349,0.00072765,0.11111,1,0.11111
7.9683,2.1499,3.4207,0.94416,0.012771,0.012715,0.012715,0.02596,0.76923,1,0.080247
7.9683,2.3499,3.3667,0.80496,0.043248,0.036904,0.036904,0.084789,0.63158,1,0.11728
7.9683,2.3499,0.16539,1.0423,0.040994,-0.023027,-0.023027,0.049736,0.36842,1,0.11728
7.9683,2.5499,4.9386,0.83743,1.6347,0.26269,0.26269,0.1576,0.75332,1,0.098765
7.9683,2.5499,0.48835,0.92165,0.0029734,0.0026132,0.0026132,0.0039869,0.24668,1,0.098765
7.9683,2.7499,3.4956,0.5254,2.1556,-0.20605,-0.20605,0.17005,0.7687,1,0.23457
7.9683,2.7499,0.39445,1.1369,0.032461,-0.034157,-0.034157,0.041197,0.2313,1,0.23457
7.9683,2.9499,0.35662,1.2511,0.044803,0.0037774,0.0037774,0.019922,0.2042,1,0.2716
7.9683,2.9499,4.1247,0.34383,2.2953,-0.060726,-0.060726,0.090724,0.7958,1,0.2716
7.9683,3.1499,5.1251,0.51242,4.1712,0.046425,0.046425,0.13977,1,1,0.11111
7.9683,3.3499,3.3207,0.3922,2.5084,-0.45819,-0.45819,0.1299,1,1,0.080247
8.1683,-1.4501,3.8282,0.060061,3.2791,0.0394,0.0394,0.0017396,1,1,0.049383
8.1683,-1.2501,3.969,0.12533,2.9787,0.044416,0.044416,0.013387,1,1,0.067901
8.1683,-0.85007,0.17524,0.56232,0.53786,-0.1948,-0.1948,0.18765,0.62128,1,0.12963
8.1683,-0.85007,3.0499,0.73571,0.15761,0.09201,0.09201,0.099566,0.37872,1,0.12963
8.1683,-0.65007,2.6384,0.55546,0.61911,0.21811,0.21811,0.12797,0.65373,1,0.16049
8.1683,-0.65007,6.2122,0.73178,0.11995,-0.0055899,-0.0055899,0.075696,0.34627,1,0.16049
8.1683,-0.45007,3.0484,0.7613,0.26565,-0.033517,-0.033517,0.078275,0.68,1,0.15432
8.1683,-0.45007,6.1406,0.79233,0.043695,0.0078018,0.0078018,0.052673,0.32,1,0.15432
8.1683,-0.25007,6.2464,0.83851,0.026807,0.0093303,0.0093303,0.086826,0.3938,1,0.2037
8.1683,-0.25007,3.3247,0.82306,0.38744,-0.003499,-0.003499,0.077795,0.6062,1,0.2037
8.1683,-0.05007,6.168,1.096,0.04969,-0.014313,-0.014313,0.076337,0.37838,1,0.2284
8.1683,-0.05007,3.2858,0.62752,0.27545,-0.10019,-0.10019,0.16487,0.62162,1,0.2284
8.1683,0.14993,3.3268,0.66809,0.52768,-0.14182,-0.14182,0.16601,0.58978,1,0.24074
8.1683,0.14993,6.1381,1.1148,0.057069,-0.0018768,-0.0018768,0.052928,0.41022,1,0.24074
8.1683,0.34993,6.1925,0.94541,0.23397,0.016,0.016,0.16718,0.54054,1,0.2284
8.1683,0.34993,2.9841,0.92734,0.045809,0.019581,0.019581,0.069548,0.45946,1,0.2284
8.1683,0.54993,6.205,0.89577,0.29237,-0.024653,-0.024653,0.20533,0.61113,1,0.22222
8.1683,0.54993,3.0716,0.79444,0.085326,-0.01802,-0.01802,0.090331,0.38887,1,0.22222
8.1683,0.74993,3.1623,0.72147,0.16524,-0.041968,-0.041968,0.10097,0.69565,1,0.14198
8.1683,0.74993,6.1433,1.1804,0.13575,0.012447,0.012447,0.021206,0.30435,1,0.14198
8.1683,0.94993,4.2655,0.7557,1.8667,-0.15053,-0.15053,0.18237,1,1,0.11728
8.1683,1.1499,2.7078,0.64941,4.127,0.3607,0.3607,0.11691,1,1,0.10494
8.1683,1.3499,0.32453,0.50469,0.19173,-0.14801,-0.14801,0.17334,0.5625,1,0.098765
8.1683,1.3499,3.389,0.72198,0.29563,-0.068852,-0.068852,0.10813,0.4375,1,0.098765
8.1683,1.5499,2.5113,0.48442,3.6762,0.21396,0.21396,0.0554,0.64837,1,0.10494
8.1683,1.5499,6.2108,1.257,0.088085,0.0076458,0.0076458,0.016236,0.35163,1,0.10494
8.1683,1.7499,3.5982,0.6444,0.066708,-0.04031,-0.04031,0.052812,0.5,1,0.11111
8.1683,1.7499,0.13812,0.86223,0.10094,0.034609,0.034609,0.11592,0.5,1,0.11111
8.1683,1.9499,0.42001,0.8294,0.058938,-0.00067319,-0.00067319,0.027455,0.26087,1,0.14198
8.1683,1.9499,3.7432,0.62185,0.12268,-0.089347,-0.089347,0.10744,0.73913,1,0.14198
8.1683,2.1499,0.71996,0.90054,0.0031478,0.016436,0.016436,0.11191,0.18132,1,0.1358
8.1683,2.1499,3.6689,0.43635,0.96394,-0.28873,-0.28873,0.17606,0.81868,1,0.1358
8.1683,2.3499,3.3454,0.86903,0.0099888,-0.013799,-0.013799,0.038528,0.34367,1,0.14198
8.1683,2.3499,5.2875,0.5487,1.728,0.51027,0.51027,0.26218,0.65633,1,0.14198
8.1683,2.5499,3.6173,0.76928,0.029332,0.012031,0.012031,0.0049351,0.090908,1,0.1358
8.1683,2.5499,5.9071,0.70966,2.3089,-0.089701,-0.089701,0.17564,0.90909,1,0.1358
8.1683,2.7499,5.166,0.39382,2.899,0.04177,0.04177,0.14968,1,1,0.29012
8.1683,2.9499,5.0217,0.391,2.6896,0.23245,0.23245,0.16457,1,1,0.39506
8.1683,3.1499,4.248,0.14128,1.9263,-0.00030741,-0.00030741,0.0080449,0.64187,1,0.23457
8.1683,3.1499,1.0218,0.82968,1.7669,-0.032484,-0.032484,0.07644,0.35813,1,0.23457
8.3683,-1.2501,4.4977,0.10342,5.6329,0.17515,0.17515,0.0094075,1,1,0.061728
8.3683,-1.0501,3.0752,0.48554,0.050967,0.014389,0.014389,0.045611,0.53846,1,0.080247
8.3683,-0.85007,3.3348,0.73997,3.2583,0.59828,0.59828,0.15721,0.8006,1,0.15432
8.3683,-0.85007,6.0913,0.61291,0.14834,0.020669,0.020669,0.0031655,0.1994,1,0.15432
8.3683,-0.65007,2.379,0.72246,2.997,-0.19736,-0.19736,0.092123,0.93333,1,0.18519
8.3683,-0.65007,0.6444,0.48252,0.005265,0.010001,0.010001,0.018997,0.066665,1,0.18519
8.3683,-0.45007,6.23,0.80137,0.1275,0.049537,0.049537,0.14721,0.53846,1,0.16049
8.3683,-0.45007,3.0061,0.74783,0.21584,0.031683,0.031683,0.056153,0.46154,1,0.16049
8.3683,-0.25007,2.8672,0.54406,0.48875,0.025817,0.025817,0.1619,0.60474,1,0.32716
8.3683,-0.25007,6.1622,0.90694,0.081053,0.018078,0.018078,0.10748,0.39526,1,0.32716
8.3683,-0.05007,2.7851,0.43217,1.0883,0.093979,0.093979,0.15158,0.75108,1,0.3642
8.3683,-0.05007,6.2181,0.91294,0.031733,0.022498,0.022498,0.19595,0.24892,1,0.3642
8.3683,0.14993,6.2809,0.88517,0.083359,-0.028382,-0.028382,0.20475,0.40416,1,0.28395
8.3683,0.14993,2.9841,0.66105,0.91308,-0.052626,-0.052626,0.1342,0.59584,1,0.28395
8.3683,0.34993,0.093184,0.65988,1.4146,-0.0040196,-0.0040196,0.20684,0.68338,1,0.2963
8.3683,0.34993,3.0878,1.001,0.053022,0.0058582,0.0058582,0.046849,0.31662,1,0.2963
8.3683,0.54993,2.7108,0.56451,3.5006,-0.45334,-0.45334,0.17575,0.80312,1,0.32099
8.3683,0.54993,2.954,0.916,0.00049542,0.0032959,0.0032959,0.031689,0.088548,1,0.32099
8.3683,0.54993,6.254,1.1864,0.0056267,-0.014724,-0.014724,0.051107,0.10833,1,0.32099
8.3683,0.74993,2.7285,0.62634,3.3402,-0.6246,-0.6246,0.18518,1,1,0.23457
8.3683,0.94993,5.876,1.1706,0.046121,-0.022559,-0.022559,0.028442,0.19924,1,0.15432
8.3683,0.94993,4.1096,0.38003,2.1011,-0.48995,-0.48995,0.15159,0.80076,1,0.15432
8.3683,1.1499,2.1363,0.69804,5.4825,-0.744,-0.744,0.16115,1,1,0.11728
8.3683,1.3499,0.87395,0.65199,4.0843,-0.34626,-0.34626,0.1125,1,1,0.074074
8.3683,1.5499,3.0703,0.66151,6.8472,-0.73154,-0.73154,0.1025,1,1,0.092593
8.3683,1.7499,3.5764,0.48359,0.48069,-0.053426,-0.053426,0.069961,0.52383,1,0.12963
8.3683,1.7499,0.29427,0.88746,0.071713,-0.043755,-0.043755,0.08649,0.47617,1,0.12963
8.3683,1.9499,3.8313,0.52358,0.40326,-0.088069,-0.088069,0.11301,0.57693,1,0.16049
8.3683,1.9499,0.40695,0.94803,0.041002,-0.010425,-0.010425,0.13786,0.42307,1,0.16049
8.3683,2.1499,1.1992,0.10005,0.083409,-0.002807,-0.002807,0.00028296,0.082902,1,0.22222
8.3683,2.1499,3.3579,0.48318,1.7925,-0.34422,-0.34422,0.16422,0.9171,1,0.22222
8.3683,2.3499,3.9641,0.48802,3.5123,0.29806,0.29806,0.15135,1,1,0.24074
8.3683,2.5499,3.5812,0.57013,4.5579,0.71585,0.71585,0.16778,1,1,0.1358
8.3683,2.7499,6.0734,0.34495,2.4714,0.13426,0.13426,0.14354,1,1,0.2284
8.3683,2.9499,5.4135,0.40561,2.4681,0.088445,0.088445,0.1445,1,1,0.37037
8.3683,3.1499,4.8328,0.43847,2.896,0.37386,0.37386,0.15285,1,1,0.16049
8.3683,3.3499,4.5599,0.55796,2.0385,0.30749,0.30749,0.12467,1,1,0.049383
8.5683,-1.2501,1.8541,0.15333,3.9876,-0.22513,-0.22513,0.018195,1,1,0.055556
8.5683,-1.0501,1.1736,0.24853,7.4077,-0.69437,-0.69437,0.092326,1,1,0.15432
8.5683,-0.85007,2.0346,0.5204,5.9004,-0.14949,-0.14949,0.21353,1,1,0.20988
8.5683,-0.65007,4.4718,0.6156,6.2369,-0.73466,-0.73466,0.13854,1,1,0.19753
8.5683,-0.45007,3.2106,0.60374,0.3752,0.02687,0.02687,0.02501,0.28602,1,0.25926
8.5683,-0.45007,1.0661,0.061982,1.2652,-0.046612,-0.046612,0.003722,0.27542,1,0.25926
8.5683,-0.45007,0.030583,0.76753,0.24453,-0.025997,-0.025997,0.12103,0.43856,1,0.25926
8.5683,-0.25007,2.7161,0.40367,0.43614,0.054503,0.054503,0.13854,0.69745,1,0.37654
8.5683,-0.25007,6.1996,0.8678,0.15198,-0.046376,-0.046376,0.17869,0.30255,1,0.37654
8.5683,-0.05007,6.0874,1.1254,0.047468,0.011591,0.011591,0.0052465,0.11424,1,0.40123
8.5683,-0.05007,2.0132,0.5036,1.9105,-0.1843,-0.1843,0.21114,0.88576,1,0.40123
8.5683,0.14993,6.2197,0.76417,0.91463,0.016815,0.016815,0.19797,0.71187,1,0.30864
8.5683,0.14993,2.8242,0.7513,0.12402,0.051696,0.051696,0.044685,0.28813,1,0.30864
8.5683,0.34993,2.0277,0.56742,4.4394,-0.58074,-0.58074,0.18474,1,1,0.38889
8.5683,0.54993,1.833,0.61593,2.1436,-0.17676,-0.17676,0.13588,1,1,0.29012
8.5683,0.74993,2.1985,0.68832,2.9671,-0.5016,-0.5016,0.17808,1,1,0.18519
8.5683,0.94993,2.9866,0.66082,3.5943,-0.72379,-0.72379,0.17778,1,1,0.1358
8.5683,1.1499,2.0411,0.91592,2.4445,-0.17607,-0.17607,0.064329,1,1,0.074074
8.5683,1.3499,0.11899,0.44487,2.0313,0.21187,0.21187,0.1729,0.8341,1,0.14815
8.5683,1.3499,2.8375,0.03818,0.069616,0.0058662,0.0058662,0.00054715,0.1659,1,0.14815
8.5683,1.5499,2.7822,0.37923,5.0497,-0.56879,-0.56879,0.12995,0.7513,1,0.19136
8.5683,1.5499,1.5117,0.082755,0.88171,-0.028942,-0.028942,0.0010098,0.2487,1,0.19136
8.5683,1.7499,3.7395,0.39159,1.2999,0.015004,0.015004,0.08367,1,1,0.080247
8.5683,1.9499,5.4921,0.56483,1.9449,0.26183,0.26183,0.23148,1,1,0.12963
8.5683,2.1499,3.7361,0.34765,0.15606,-0.043854,-0.043854,0.1235,0.65857,1,0.25309
8.5683,2.1499,0.86643,0.43038,0.23626,-0.11558,-0.11558,0.21313,0.34143,1,0.25309
8.5683,2.3499,3.2322,0.29883,2.5622,0.29035,0.29035,0.12751,1,1,0.33333
8.5683,2.5499,6.2384,1.1267,0.010925,0.0088215,0.0088215,0.022435,0.12575,1,0.19136
8.5683,2.5499,3.0438,0.26211,2.7943,0.27404,0.27404,0.11281,0.87425,1,0.19136
8.5683,2.7499,0.15244,0.41045,0.098094,0.12742,0.12742,0.19025,0.41996,1,0.14815
8.5683,2.7499,0.33432,0.24682,7.0513,0.31065,0.31065,0.018017,0.58004,1,0.14815
8.5683,2.9499,3.3399,0.43568,0.087308,0.02392,0.02392,0.10205,0.32353,1,0.20988
8.5683,2.9499,0.06081,0.34089,0.21841,0.031918,0.031918,0.079998,0.67647,1,0.20988
8.7683,-1.0501,1.5176,0.10434,4.8799,-0.15107,-0.15107,0.01477,1,1,0.19753
8.7683,-0.85007,6.194,0.27454,5.3749,-0.58348,-0.58348,0.11284,0.90012,1,0.18519
8.7683,-0.85007,0.14201,1.1056,0.0016712,-0.00059802,-0.00059802,0.00084842,0.099878,1,0.18519
8.7683,-0.65007,3.137,0.63306,3.7634,-0.43009,-0.43009,0.10029,1,1,0.15432
8.7683,-0.45007,0.43408,0.6117,0.2886,-0.18403,-0.18403,0.19087,0.50998,1,0.2963
8.7683,-0.45007,3.4235,0.45091,1.5411,-0.031064,-0.031064,0.080214,0.49002,1,0.2963
8.7683,-0.25007,1.967,0.57885,2.3459,-0.2877,-0.2877,0.13692,1,1,0.3642
8.7683,-0.05007,3.2591,0.55752,6.2233,-0.82639,-0.82639,0.15971,1,1,0.32716
8.7683,0.14993,5.8878,0.41039,2.0328,0.047951,0.047951,0.17719,0.77901,1,0.37037
8.7683,0.14993,2.8955,0.72686,0.0315,-0.0077285,-0.0077285,0.018478,0.22099,1,0.37037
8.7683,0.34993,2.4281,0.43873,4.4185,-0.57226,-0.57226,0.18493,1,1,0.45062
8.7683,0.54993,2.2226,0.48386,4.5185,-0.50527,-0.50527,0.18437,1,1,0.37654
8.7683,0.74993,0.96719,0.73535,2.2981,-0.10783,-0.10783,0.13569,0.90909,1,0.1358
8.7683,0.74993,2.5615,0.55519,0.00015055,-0.00028381,-0.00028381,0.000535,0.090909,1,0.1358
8.7683,0.94993,2.9062,0.43707,3.1104,-0.39086,-0.39086,0.13319,1,1,0.14198
8.7683,1.1499,0.45454,0.86577,0.19317,-0.035954,-0.035954,0.0066921,0.10526,1,0.11728
8.7683,1.1499,3.861,0.51458,4.0828,0.50896,0.50896,0.15049,0.89474,1,0.11728
8.7683,1.3499,1.7616,0.23788,3.3944,-0.29096,-0.29096,0.11285,1,1,0.19136
8.7683,1.5499,1.636,0.67717,2.29,-0.29399,-0.29399,0.11481,0.46454,1,0.22222
8.7683,1.5499,2.1203,0.072659,2.975,-0.031054,-0.031054,0.0014916,0.53546,1,0.22222
8.7683,1.7499,2.0853,0.47435,3.3807,-0.35864,-0.35864,0.09478,1,1,0.08642
8.7683,1.9499,0.85349,0.47162,6.1639,0.66327,0.66327,0.11077,1,1,0.10494
8.7683,2.1499,0.66352,0.65166,0.25122,-0.030867,-0.030867,0.17509,0.3871,1,0.19136
8.7683,2.1499,3.7048,0.33733,0.18063,-0.061008,-0.061008,0.11741,0.6129,1,0.19136
8.7683,2.3499,2.7271,0.25162,1.5171,0.056179,0.056179,0.077722,0.86824,1,0.32716
8.7683,2.3499,0.091105,1.1387,0.047739,0.013184,0.013184,0.012544,0.13176,1,0.32716
8.7683,2.5499,3.0786,0.33542,4.0213,0.43442,0.43442,0.14099,1,1,0.20988
8.7683,2.7499,0.3474,0.20751,3.0251,0.23339,0.23339,0.034774,1,1,0.11728
8.7683,2.9499,0.016633,0.28616,0.16079,0.021874,0.021874,0.054884,0.72414,1,0.17901
8.7683,2.9499,3.4853,0.29582,0.23856,0.024523,0.024523,0.016201,0.27586,1,0.17901
8.7683,3.1499,0.11796,0.57276,0.75765,-0.020117,-0.020117,0.13007,0.71598,1,0.08642
8.7683,3.1499,3.7777,0.17903,0.15474,-0.017732,-0.017732,0.010932,0.28402,1,0.08642
8.9683,-1.0501,2.4262,0.10499,2.8245,0.054636,0.054636,0.016429,1,1,0.16049
8.9683,-0.85007,3.6834,0.27108,4.804,-0.43643,-0.43643,0.103,1,1,0.3642
8.9683,-0.65007,2.7807,0.45095,4.576,-0.56252,-0.56252,0.13577,1,1,0.31481
8.9683,-0.45007,5.5462,0.36136,3.7779,0.14463,0.14463,0.11449,1,1,0.45679
8.9683,-0.25007,1.356,0.21721,4.1309,0.14178,0.14178,0.040783,0.813,1,0.70988
8.9683,-0.25007,6.2459,0.86622,0.11457,-0.015123,-0.015123,0.077639,0.187,1,0.70988
8.9683,-0.05007,6.1517,0.33627,0.46788,0.031244,0.031244,0.11779,0.51283,1,0.62346
8.9683,-0.05007,2.6119,0.31553,0.46782,0.039358,0.039358,0.057575,0.48717,1,0.62346
8.9683,0.14993,2.7241,0.43079,0.28428,-0.01821,-0.01821,0.059289,0.45169,1,0.32716
8.9683,0.14993,6.2377,0.5827,0.49008,0.0062713,0.0062713,0.17348,0.54831,1,0.32716
8.9683,0.34993,2.0082,0.4777,3.4507,-0.54062,-0.54062,0.18077,1,1,0.34568
8.9683,0.54993,2.5416,0.39934,4.3995,-0.53633,-0.53633,0.1632,1,1,0.27778
8.9683,0.74993,1.4531,0.51777,2.455,-0.062818,-0.062818,0.088523,1,1,0.18519
8.9683,0.94993,1.145,0.2418,1.9241,0.0063575,0.0063575,0.072225,1,1,0.25309
8.9683,1.1499,0.99873,0.13463,6.0798,0.3492,0.3492,0.055502,1,1,0.35185
8.9683,1.3499,4.8773,0.16493,2.3266,0.18281,0.18281,0.097268,1,1,0.2037
8.9683,1.5499,0.32327,0.77624,0.98436,0.043409,0.043409,0.093068,0.69249,1,0.080247
8.9683,1.5499,3.2641,0.29239,0.036127,-0.032285,-0.032285,0.029174,0.30751,1,0.080247
8.9683,1.7499,3.3578,0.20016,0.0039329,-0.002919,-0.002919,0.0025539,0.2494,1,0.098765
8.9683,1.7499,0.59389,0.4109,1.9184,0.156,0.156,0.10339,0.7506,1,0.098765
8.9683,1.9499,0.034462,0.61485,2.3011,0.2991,0.2991,0.17822,1,1,0.04321
8.9683,2.1499,3.2978,0.4241,3.1322,-0.5245,-0.5245,0.162,1,1,0.19136
8.9683,2.3499,2.7619,0.40942,3.8781,-0.48211,-0.48211,0.1465,1,1,0.32716
8.9683,2.5499,0.58423,0.20081,0.49125,0.0097123,0.0097123,0.015809,0.39208,1,0.14198
8.9683,2.5499,3.4514,0.39374,0.14522,-0.014632,-0.014632,0.055694,0.39053,1,0.14198
8.9683,2.5499,0.063678,1.0059,0.014407,0.0029243,0.0029243,0.009183,0.21739,1,0.14198
8.9683,2.7499,5.6922,0.41837,1.8042,0.091973,0.091973,0.13568,1,1,0.049383
8.9683,3.1499,6.2024,0.48552,1.3181,0.087481,0.087481,0.13017,1,1,0.055556
8.9683,3.3499,5.9619,0.49276,8.6127,-0.7465,-0.7465,0.080557,1,1,0.049383
9.1683,-1.0501,4.3036,0.10866,1.6703,0.042242,0.042242,0.023463,1,1,0.10494
9.1683,-0.85007,3.5791,0.19698,4.3549,-0.35076,-0.35076,0.058642,1,1,0.2963
9.1683,-0.65007,6.1665,0.26958,3.0241,0.002329,0.002329,0.090852,1,1,0.44444
9.1683,-0.45007,0.48397,0.19471,3.4733,-0.035792,-0.035792,0.040534,1,1,0.58025
9.1683,-0.25007,0.73006,0.070512,3.077,-0.025751,-0.025751,0.0018738,0.57638,1,0.92593
9.1683,-0.25007,1.5616,0.41415,3.1978,-0.262,-0.262,0.06818,0.42362,1,0.92593
9.1683,-0.05007,6.1697,0.83221,0.13633,-0.049396,-0.049396,0.035601,0.10627,1,0.76543
9.1683,-0.05007,1.1439,0.16346,4.5039,0.045551,0.045551,0.024981,0.86053,1,0.76543
9.1683,-0.05007,2.2498,0.15111,0.0036988,0.0042164,0.0042164,0.005141,0.033203,1,0.76543
9.1683,0.14993,5.2981,0.3512,2.9691,0.18014,0.18014,0.12713,1,1,0.45062
9.1683,0.34993,5.2858,0.30253,3.6035,0.23428,0.23428,0.099371,1,1,0.33333
9.1683,0.54993,1.6857,0.24438,4.1827,-0.20555,-0.20555,0.06924,1,1,0.25926
9.1683,0.74993,1.6506,0.39138,2.4614,-0.18427,-0.18427,0.065247,1,1,0.098765
9.1683,0.94993,6.2164,0.45951,0.99679,0.025489,0.025489,0.10334,0.74123,1,0.11728
9.1683,0.94993,2.883,0.38022,0.09899,0.044759,0.044759,0.036335,0.25877,1,0.11728
9.1683,1.1499,0.87685,0.18943,1.2264,-0.094666,-0.094666,0.079429,1,1,0.1358
9.1683,1.5499,5.1621,0.46651,3.3828,0.26695,0.26695,0.063667,1,1,0.074074
9.1683,1.7499,1.9641,0.26344,1.7384,-0.098881,-0.098881,0.077492,1,1,0.14198
9.1683,1.9499,1.649,0.068843,0.91317,0.0051453,0.0051453,0.0021067,0.8,1,0.061728
9.1683,2.1499,3.7411,0.30747,4.2458,-0.57311,-0.57311,0.1474,1,1,0.16049
9.1683,2.3499,2.9292,0.25637,4.096,-0.35416,-0.35416,0.074943,1,1,0.41975
9.1683,2.5499,0.79905,0.40673,0.56793,-0.1807,-0.1807,0.12,0.59996,1,0.21605
9.1683,2.5499,4.1164,0.14766,0.45875,-0.044613,-0.044613,0.010831,0.40004,1,0.21605
9.1683,2.7499,0.14642,0.76054,0.010589,0.015442,0.015442,0.069152,0.66667,1,0.037037
9.1683,3.3499,1.7773,0.2246,1.4382,-0.079769,-0.079769,0.0057221,0.85714,1,0.04321
9.1683,3.5499,2.0288,0.20016,1.3464,-0.058849,-0.058849,0.0032832,0.83333,1,0.037037
9.3683,-0.65007,5.9804,0.13158,3.0961,0.033525,0.033525,0.023851,1,1,0.25309
9.3683,-0.45007,0.42624,0.12411,2.9064,-0.03872,-0.03872,0.023213,1,1,0.2963
9.3683,-0.25007,0.71149,0.1304,2.9183,0.027576,0.027576,0.013957,0.88685,1,0.40123
9.3683,-0.25007,5.5379,0.71573,0.52441,0.1383,0.1383,0.042191,0.11315,1,0.40123
9.3683,-0.05007,5.014,0.19994,3.5393,0.035482,0.035482,0.04252,1,1,0.32099
9.3683,0.14993,5.5727,0.26538,1.4289,0.10943,0.10943,0.069231,1,1,0.2716
9.3683,0.34993,6.1823,0.23649,2.13,0.0062794,0.0062794,0.073799,1,1,0.24691
9.3683,0.54993,2.0541,0.19226,3.8856,-0.19767,-0.19767,0.054079,1,1,0.14815
9.3683,0.74993,4.172,0.26455,15.627,0.61754,0.61754,0.024848,1,1,0.030864
9.3683,1.5499,5.5282,0.23541,2.9194,0.23187,0.23187,0.04662,1,1,0.049383
9.3683,1.7499,4.6972,0.20931,4.7417,0.30503,0.30503,0.037281,1,1,0.074074
9.3683,2.1499,5.4576,0.22048,3.1069,0.27163,0.27163,0.07879,1,1,0.080247
9.3683,2.3499,4.8041,0.14406,3.3436,0.086305,0.086305,0.021322,0.95122,1,0.25309
9.3683,2.3499,0.45753,0.53628,0.0043349,0.0024861,0.0024861,0.0014258,0.04878,1,0.25309
9.3683,2.5499,5.7006,0.18517,2.2777,0.056992,0.056992,0.028585,1,1,0.15432
9.5683,-0.25007,1.2433,0.16389,0.00063706,-0.00090283,-0.00090283,0.0012795,0.5,1,0.024691
9.5683,0.14993,6.0163,0.20062,0.64774,0.0062764,0.0062764,0.039113,1,1,0.074074
9.5683,0.34993,0.96622,0.09891,0.056451,-0.0054623,-0.0054623,0.00052854,0.4,1,0.030864
